w[1] = 3.506082
w[2] = 5.200176
w[3] = 4.660327
w[4] = 5.429731
gamma = -9.020870
s[1] = 0.000000
s[2] = 0.000000
s[3] = 1.016741
s[4] = 0.000000
s[5] = 0.000000
s[6] = 1.252863
s[7] = 0.000000
s[8] = 2.654992
s[9] = 0.000000
s[10] = 0.000000
s[11] = 0.000000
s[12] = 0.000000
s[13] = 0.000000
s[14] = 0.000000
s[15] = 0.000000
s[16] = 0.000000
s[17] = 0.113183
s[18] = 0.000000
s[19] = 0.000000
s[20] = 0.504616
s[21] = 0.000000
s[22] = 0.000000
s[23] = 0.000000
s[24] = 0.000000
s[25] = 0.000000
s[26] = 0.000000
s[27] = 0.000000
s[28] = 0.000000
s[29] = 0.000000
s[30] = 0.000000
s[31] = 0.000000
s[32] = 0.000000
s[33] = 0.000000
s[34] = 0.858201
s[35] = 0.000000
s[36] = 0.000000
s[37] = 0.000000
s[38] = 0.000000
s[39] = 0.000000
s[40] = 0.000000
s[41] = 0.829855
s[42] = 0.102703
s[43] = 0.000000
s[44] = 0.987113
s[45] = 0.000000
s[46] = 0.000000
s[47] = 0.000000
s[48] = 0.000000
s[49] = 0.701751
s[50] = 0.000000
s[51] = 0.000000
s[52] = 1.184158
s[53] = 0.000000
s[54] = 0.000000
s[55] = 0.079594
s[56] = 0.000000
s[57] = 2.189711
s[58] = 0.000000
s[59] = 0.000000
s[60] = 0.000000
s[61] = 0.000000
s[62] = 0.000000
s[63] = 0.000000
s[64] = 4.959792
s[65] = 0.000000
s[66] = 0.000000
s[67] = 0.190837
s[68] = 0.906829
s[69] = 0.000000
s[70] = 0.000000
s[71] = 0.157577
s[72] = 0.000000
s[73] = 0.000000
s[74] = 0.094582
s[75] = 0.000000
s[76] = 0.000000
s[77] = 0.407916
s[78] = 0.000000
s[79] = 0.000000
s[80] = 1.068771
s[81] = 0.000000
s[82] = 0.000000
s[83] = 0.000000
s[84] = 0.000000
s[85] = 0.000000
s[86] = 0.000000
s[87] = 4.183996
s[88] = 0.093089
s[89] = 0.000000
s[90] = 0.000000
s[91] = 0.119592
s[92] = 0.000000
s[93] = 0.053723
s[94] = 0.000000
s[95] = 0.000000
s[96] = 0.000000
s[97] = 0.000000
s[98] = 0.000000
s[99] = 1.564627
s[100] = 0.000000
