w[1] = 1.648296
w[2] = 2.053491
w[3] = 2.388358
w[4] = 2.623347
gamma = -4.187172
s[1] = 0.000000
s[2] = 0.270539
s[3] = 0.998112
s[4] = 0.000000
s[5] = 0.000000
s[6] = 1.188975
s[7] = 0.000000
s[8] = 1.954837
s[9] = 0.134741
s[10] = 0.000000
s[11] = 0.496728
s[12] = 0.000000
s[13] = 0.059371
s[14] = 0.000000
s[15] = 0.356356
s[16] = 0.000000
s[17] = 0.386996
s[18] = 0.000000
s[19] = 0.000000
s[20] = 0.738811
s[21] = 0.067161
s[22] = 0.520407
s[23] = 0.000000
s[24] = 0.000000
s[25] = 0.000000
s[26] = 0.565813
s[27] = 0.000000
s[28] = 0.407262
s[29] = 0.000000
s[30] = 0.000000
s[31] = 0.233523
s[32] = 0.000000
s[33] = 0.000000
s[34] = 1.070466
s[35] = 0.000000
s[36] = 0.000000
s[37] = 0.000000
s[38] = 0.000000
s[39] = 0.000000
s[40] = 0.172170
s[41] = 0.855071
s[42] = 0.806389
s[43] = 0.000000
s[44] = 1.114394
s[45] = 0.000000
s[46] = 0.226110
s[47] = 0.108527
s[48] = 0.000000
s[49] = 0.813958
s[50] = 0.000000
s[51] = 0.243685
s[52] = 1.033195
s[53] = 0.000000
s[54] = 0.000000
s[55] = 0.485241
s[56] = 0.000000
s[57] = 1.540796
s[58] = 0.333039
s[59] = 0.000000
s[60] = 0.000000
s[61] = 0.000000
s[62] = 0.000000
s[63] = 0.000000
s[64] = 2.845298
s[65] = 0.000000
s[66] = 0.000000
s[67] = 0.854306
s[68] = 0.788340
s[69] = 0.180315
s[70] = 0.293596
s[71] = 0.645260
s[72] = 0.005871
s[73] = 0.000000
s[74] = 0.829375
s[75] = 0.000000
s[76] = 0.449603
s[77] = 0.699383
s[78] = 0.379155
s[79] = 0.000000
s[80] = 0.946662
s[81] = 0.000000
s[82] = 0.490988
s[83] = 0.000000
s[84] = 0.284787
s[85] = 0.000000
s[86] = 0.159860
s[87] = 2.332137
s[88] = 0.440103
s[89] = 0.061977
s[90] = 0.000000
s[91] = 0.801589
s[92] = 0.000000
s[93] = 0.481167
s[94] = 0.221034
s[95] = 0.321874
s[96] = 0.551790
s[97] = 0.000000
s[98] = 0.000000
s[99] = 0.999376
s[100] = 0.000000
