w[1] = 2.759229
w[2] = 3.349606
w[3] = 3.733657
w[4] = 3.987136
gamma = -6.499275
s[1] = 0.000000
s[2] = 0.000000
s[3] = 0.781432
s[4] = 0.000000
s[5] = 0.000000
s[6] = 1.409031
s[7] = 0.000000
s[8] = 2.605885
s[9] = 0.000000
s[10] = 0.000000
s[11] = 0.123779
s[12] = 0.000000
s[13] = 0.000000
s[14] = 0.000000
s[15] = 0.000000
s[16] = 0.000000
s[17] = 0.344173
s[18] = 0.000000
s[19] = 0.000000
s[20] = 0.839051
s[21] = 0.000000
s[22] = 0.006729
s[23] = 0.000000
s[24] = 0.000000
s[25] = 0.000000
s[26] = 0.247918
s[27] = 0.000000
s[28] = 0.181018
s[29] = 0.000000
s[30] = 0.000000
s[31] = 0.000000
s[32] = 0.000000
s[33] = 0.000000
s[34] = 1.119440
s[35] = 0.000000
s[36] = 0.000000
s[37] = 0.000000
s[38] = 0.000000
s[39] = 0.000000
s[40] = 0.000000
s[41] = 1.000232
s[42] = 0.481478
s[43] = 0.000000
s[44] = 1.309722
s[45] = 0.000000
s[46] = 0.000000
s[47] = 0.000000
s[48] = 0.000000
s[49] = 0.498918
s[50] = 0.000000
s[51] = 0.000000
s[52] = 1.072809
s[53] = 0.000000
s[54] = 0.000000
s[55] = 0.129456
s[56] = 0.000000
s[57] = 1.725885
s[58] = 0.000000
s[59] = 0.000000
s[60] = 0.000000
s[61] = 0.000000
s[62] = 0.000000
s[63] = 0.000000
s[64] = 3.763410
s[65] = 0.000000
s[66] = 0.000000
s[67] = 0.981366
s[68] = 0.912857
s[69] = 0.000000
s[70] = 0.000000
s[71] = 0.276069
s[72] = 0.000000
s[73] = 0.000000
s[74] = 0.499605
s[75] = 0.000000
s[76] = 0.385240
s[77] = 0.397939
s[78] = 0.000000
s[79] = 0.000000
s[80] = 1.065291
s[81] = 0.000000
s[82] = 0.000000
s[83] = 0.000000
s[84] = 0.000000
s[85] = 0.000000
s[86] = 0.000000
s[87] = 2.967037
s[88] = 0.000000
s[89] = 0.000000
s[90] = 0.000000
s[91] = 0.401653
s[92] = 0.000000
s[93] = 0.351984
s[94] = 0.000000
s[95] = 0.000000
s[96] = 0.006557
s[97] = 0.000000
s[98] = 0.000000
s[99] = 1.198401
s[100] = 0.000000
