param n := 100;
param d := 4;
set POINTS := 1 2 3 4 5 6 7 8 9 10 11 12 13 14 15 16 17 18 19 20 21 22 23 24 25 26 27 28 29 30 31 32 33 34 35 36 37 38 39 40 41 42 43 44 45 46 47 48 49 50 51 52 53 54 55 56 57 58 59 60 61 62 63 64 65 66 67 68 69 70 71 72 73 74 75 76 77 78 79 80 81 82 83 84 85 86 87 88 89 90 91 92 93 94 95 96 97 98 99 100;
param y :=
1 -1
2 -1
3 1
4 -1
5 1
6 -1
7 -1
8 -1
9 1
10 1
11 1
12 1
13 1
14 1
15 -1
16 -1
17 -1
18 1
19 1
20 -1
21 1
22 1
23 1
24 -1
25 1
26 1
27 -1
28 -1
29 1
30 1
31 -1
32 1
33 -1
34 -1
35 1
36 1
37 1
38 -1
39 -1
40 1
41 -1
42 1
43 1
44 -1
45 1
46 -1
47 -1
48 1
49 1
50 -1
51 -1
52 -1
53 1
54 -1
55 1
56 -1
57 1
58 1
59 1
60 1
61 1
62 -1
63 1
64 1
65 -1
66 1
67 -1
68 -1
69 -1
70 -1
71 1
72 -1
73 1
74 1
75 -1
76 -1
77 1
78 1
79 1
80 -1
81 -1
82 1
83 1
84 1
85 1
86 -1
87 1
88 1
89 -1
90 1
91 1
92 1
93 -1
94 1
95 1
96 1
97 1
98 -1
99 -1
100 1
;
param X : 1 2 3 4 :=
1 0.124 0.007 0.389 0.267
2 0.236 0.466 0.748 0.124
3 0.609 0.516 0.756 0.122
4 0.416 0.203 0.672 0.034
5 0.533 0.965 0.1 0.951
6 0.5 0.333 0.521 0.619
7 0.086 0.0 0.65 0.115
8 0.773 0.137 0.601 0.82
9 0.67 0.873 0.596 0.279
10 0.097 0.695 0.735 0.802
11 0.011 0.621 0.983 0.4
12 0.924 0.605 0.839 0.991
13 0.66 0.372 0.393 0.891
14 0.527 0.687 0.578 0.821
15 0.13 0.269 0.184 0.891
16 0.192 0.745 0.139 0.252
17 0.829 0.766 0.246 0.018
18 0.382 0.521 0.951 0.86
19 0.45 0.626 0.596 0.888
20 0.765 0.515 0.572 0.092
21 0.639 0.329 0.852 0.517
22 0.889 0.478 0.623 0.279
23 0.8 0.607 0.775 0.314
24 0.083 0.16 0.213 0.333
25 0.879 0.857 0.813 0.097
26 0.234 0.567 0.371 0.833
27 0.969 0.067 0.005 0.292
28 0.255 0.574 0.205 0.574
29 0.893 0.127 0.899 0.658
30 0.811 0.394 0.504 0.717
31 0.457 0.662 0.317 0.21
32 0.934 0.312 0.845 0.551
33 0.112 0.402 0.145 0.13
34 0.067 0.265 0.676 0.758
35 0.376 0.3 0.791 0.942
36 0.542 0.538 0.851 0.963
37 0.692 0.654 0.803 0.734
38 0.082 0.056 0.397 0.501
39 0.511 0.05 0.42 0.375
40 0.251 0.704 0.47 0.775
41 0.523 0.663 0.689 0.066
42 0.558 0.885 0.15 0.49
43 0.099 0.955 0.329 0.899
44 0.635 0.219 0.577 0.544
45 0.401 0.627 0.959 0.901
46 0.357 0.112 0.512 0.523
47 0.334 0.624 0.603 0.009
48 0.39 0.912 0.426 0.794
49 0.632 0.467 0.833 0.146
50 0.258 0.7 0.199 0.146
51 0.152 0.022 0.546 0.698
52 0.04 0.552 0.206 0.964
53 0.864 0.459 0.307 0.819
54 0.08 0.468 0.425 0.201
55 0.297 0.372 0.608 0.761
56 0.014 0.217 0.064 0.978
57 0.419 0.372 0.385 0.485
58 0.831 0.269 0.495 0.667
59 0.237 0.555 0.8 0.709
60 0.034 0.788 0.742 0.948
61 0.904 0.745 0.858 0.045
62 0.038 0.625 0.032 0.611
63 0.927 0.936 0.846 0.407
64 0.176 0.354 0.491 0.058
65 0.394 0.477 0.166 0.278
66 0.917 0.846 0.744 0.512
67 0.967 0.005 0.881 0.127
68 0.559 0.806 0.421 0.15
69 0.954 0.379 0.362 0.058
70 0.534 0.163 0.137 0.739
71 0.192 0.753 0.957 0.15
72 0.025 0.397 0.93 0.044
73 0.79 0.842 0.735 0.634
74 0.621 0.918 0.085 0.475
75 0.209 0.177 0.144 0.583
76 0.743 0.561 0.387 0.128
77 0.81 0.287 0.088 0.897
78 0.191 0.329 0.656 0.858
79 0.917 0.83 0.509 0.546
80 0.137 0.759 0.708 0.251
81 0.874 0.539 0.236 0.029
82 0.626 0.864 0.106 0.624
83 0.56 0.814 0.757 0.383
84 0.039 0.644 0.992 0.437
85 0.511 0.794 0.735 0.437
86 0.374 0.765 0.446 0.036
87 0.311 0.133 0.806 0.055
88 0.476 0.32 0.871 0.467
89 0.394 0.33 0.372 0.394
90 0.93 0.738 0.488 0.371
91 0.947 0.799 0.086 0.373
92 0.001 0.978 0.725 0.853
93 0.343 0.613 0.469 0.276
94 0.242 0.355 0.769 0.763
95 0.632 0.61 0.837 0.218
96 0.971 0.687 0.423 0.234
97 0.143 0.968 0.5 0.816
98 0.211 0.184 0.278 0.661
99 0.344 0.993 0.196 0.424
100 0.675 0.632 0.756 0.725
;
param K :=
[1, 1] 0.23803500000000002
[1, 2] 0.35660600000000003
[1, 3] 0.405786
[1, 4] 0.323491
[1, 5] 0.365664
[1, 6] 0.432273
[1, 7] 0.294219
[1, 8] 0.54954
[1, 9] 0.39552800000000005
[1, 10] 0.516942
[1, 11] 0.494898
[1, 12] 0.709779
[1, 13] 0.47521800000000003
[1, 14] 0.514206
[1, 15] 0.32747600000000004
[1, 16] 0.150378
[1, 17] 0.208658
[1, 18] 0.650574
[1, 19] 0.529122
[1, 20] 0.345537
[1, 21] 0.551006
[1, 22] 0.430422
[1, 23] 0.48876200000000003
[1, 24] 0.18318
[1, 25] 0.457151
[1, 26] 0.39971500000000004
[1, 27] 0.200534
[1, 28] 0.268641
[1, 29] 0.6370180000000001
[1, 30] 0.490817
[1, 31] 0.240685
[1, 32] 0.5938220000000001
[1, 33] 0.10781700000000001
[1, 34] 0.475513
[1, 35] 0.6079370000000001
[1, 36] 0.659134
[1, 37] 0.598731
[1, 38] 0.29876
[1, 39] 0.32721900000000004
[1, 40] 0.425807
[1, 41] 0.355136
[1, 42] 0.26456700000000005
[1, 43] 0.386975
[1, 44] 0.44997400000000004
[1, 45] 0.667731
[1, 46] 0.383861
[1, 47] 0.282754
[1, 48] 0.43245600000000006
[1, 49] 0.444656
[1, 50] 0.153285
[1, 51] 0.417762
[1, 52] 0.346346
[1, 53] 0.448445
[1, 54] 0.232188
[1, 55] 0.47913100000000003
[1, 56] 0.289277
[1, 57] 0.33382
[1, 58] 0.475571
[1, 59] 0.533776
[1, 60] 0.551486
[1, 61] 0.463088
[1, 62] 0.184672
[1, 63] 0.559263
[1, 64] 0.230787
[1, 65] 0.19099500000000003
[1, 66] 0.5457500000000001
[1, 67] 0.49656100000000003
[1, 68] 0.278777
[1, 69] 0.277253
[1, 70] 0.317963
[1, 71] 0.44140199999999996
[1, 72] 0.379397
[1, 73] 0.5590470000000001
[1, 74] 0.24332
[1, 75] 0.238832
[1, 76] 0.28077799999999997
[1, 77] 0.37618
[1, 78] 0.510257
[1, 79] 0.463301
[1, 80] 0.36473
[1, 81] 0.211696
[1, 82] 0.291514
[1, 83] 0.471872
[1, 84] 0.511911
[1, 85] 0.47151600000000005
[1, 86] 0.23483700000000002
[1, 87] 0.36771400000000004
[1, 88] 0.524772
[1, 89] 0.301072
[1, 90] 0.40937500000000004
[1, 91] 0.256066
[1, 92] 0.516746
[1, 93] 0.302956
[1, 94] 0.535355
[1, 95] 0.466437
[1, 96] 0.35223800000000005
[1, 97] 0.43688
[1, 98] 0.31208100000000005
[1, 99] 0.239059
[1, 100] 0.575783
[2, 1] 0.35660600000000003
[2, 2] 0.8477319999999999
[2, 3] 0.9647960000000001
[2, 4] 0.699646
[2, 5] 0.768202
[2, 6] 0.7396420000000001
[2, 7] 0.5207560000000001
[2, 8] 0.797498
[2, 9] 1.045342
[2, 10] 0.9959899999999999
[2, 11] 1.076866
[2, 12] 1.25045
[2, 13] 0.7335600000000001
[2, 14] 0.978662
[2, 15] 0.40415
[2, 16] 0.527702
[2, 17] 0.7388399999999999
[2, 18] 1.1509260000000001
[2, 19] 0.9538359999999999
[2, 20] 0.859794
[2, 21] 1.005522
[2, 22] 0.933152
[2, 23] 1.0902980000000002
[2, 24] 0.294764
[2, 25] 1.2269579999999998
[2, 26] 0.7002459999999999
[2, 27] 0.299854
[2, 28] 0.55218
[2, 29] 1.0239740000000002
[2, 30] 0.8409000000000001
[2, 31] 0.6795
[2, 32] 1.0662
[2, 33] 0.33834400000000003
[2, 34] 0.738942
[2, 35] 0.9370120000000001
[2, 36] 1.1345800000000001
[2, 37] 1.159736
[2, 38] 0.40452800000000005
[2, 39] 0.504556
[2, 40] 0.8349599999999999
[2, 41] 0.955942
[2, 42] 0.717058
[2, 43] 0.8259620000000001
[2, 44] 0.7509659999999999
[2, 45] 1.215874
[2, 46] 0.584272
[2, 47] 0.821768
[2, 48] 0.9341360000000001
[2, 49] 1.007962
[2, 50] 0.554044
[2, 51] 0.541084
[2, 52] 0.540296
[2, 53] 0.7489899999999999
[2, 54] 0.579792
[2, 55] 0.792592
[2, 56] 0.27357000000000004
[2, 57] 0.6203559999999999
[2, 58] 0.774438
[2, 59] 1.0008780000000002
[2, 60] 1.0478
[2, 61] 1.207878
[2, 62] 0.39991800000000005
[2, 63] 1.338224
[2, 64] 0.5809599999999999
[2, 65] 0.473906
[2, 66] 1.230648
[2, 67] 0.9052779999999999
[2, 68] 0.841028
[2, 69] 0.6797259999999999
[2, 70] 0.396094
[2, 71] 1.1306459999999998
[2, 72] 0.8919980000000001
[2, 73] 1.207208
[2, 74] 0.696824
[2, 75] 0.31181
[2, 76] 0.742122
[2, 77] 0.501954
[2, 78] 0.7954700000000001
[2, 79] 1.051628
[2, 80] 0.9467340000000001
[2, 81] 0.6375620000000001
[2, 82] 0.7070240000000001
[2, 83] 1.125212
[2, 84] 1.1055119999999998
[2, 85] 1.094568
[2, 86] 0.782826
[2, 87] 0.7450820000000001
[2, 88] 0.970872
[2, 89] 0.573876
[2, 90] 0.9744160000000001
[2, 91] 0.7064059999999999
[2, 92] 1.104056
[2, 93] 0.751642
[2, 94] 0.892366
[2, 95] 1.08652
[2, 96] 0.8947180000000001
[2, 97] 0.9600199999999999
[2, 98] 0.425448
[2, 99] 0.7431059999999999
[2, 100] 1.1092000000000002
[3, 1] 0.405786
[3, 2] 0.9647960000000001
[3, 3] 1.2235569999999998
[3, 4] 0.870272
[3, 5] 1.014159
[3, 6] 0.9457220000000001
[3, 7] 0.557804
[3, 8] 1.095845
[3, 9] 1.343112
[3, 10] 1.071197
[3, 11] 1.119083
[3, 12] 1.630082
[3, 13] 0.999702
[3, 14] 1.2125650000000001
[3, 15] 0.46578
[3, 16] 0.637176
[3, 17] 1.088289
[3, 18] 1.3253499999999998
[3, 19] 1.155978
[3, 20] 1.1752809999999998
[3, 21] 1.2661010000000001
[3, 22] 1.293075
[3, 23] 1.42462
[3, 24] 0.334761
[3, 25] 1.603985
[3, 26] 0.8171799999999999
[3, 27] 0.664097
[3, 28] 0.676487
[3, 29] 1.369289
[3, 30] 1.165701
[3, 31] 0.885177
[3, 32] 1.4358400000000002
[3, 33] 0.40112
[3, 34] 0.7810750000000001
[3, 35] 1.0967040000000001
[3, 36] 1.368528
[3, 37] 1.455508
[3, 38] 0.44008800000000003
[3, 39] 0.7002689999999999
[3, 40] 0.965993
[3, 41] 1.189551
[3, 42] 0.9696619999999999
[3, 43] 0.9114730000000001
[3, 44] 1.002299
[3, 45] 1.402667
[3, 46] 0.726083
[3, 47] 0.982356
[3, 48] 1.1270259999999999
[3, 49] 1.27342
[3, 50] 0.686578
[3, 51] 0.601852
[3, 52] 0.582536
[3, 53] 1.09503
[3, 54] 0.6360300000000001
[3, 55] 0.9253149999999999
[3, 56] 0.288198
[3, 57] 0.797353
[3, 58] 1.1004770000000001
[3, 59] 1.122011
[3, 60] 1.103922
[3, 61] 1.589094
[3, 62] 0.444376
[3, 63] 1.736749
[3, 64] 0.6681199999999999
[3, 65] 0.6454900000000001
[3, 66] 1.619917
[3, 67] 1.273013
[3, 68] 1.092903
[3, 69] 1.057298
[3, 70] 0.603044
[3, 71] 1.247268
[3, 72] 0.9285250000000002
[3, 73] 1.54859
[3, 74] 0.9740869999999999
[3, 75] 0.398603
[3, 76] 1.050151
[3, 77] 0.8173440000000001
[3, 78] 0.886695
[3, 79] 1.438149
[3, 80] 1.0409469999999998
[3, 81] 0.9923440000000001
[3, 82] 0.983322
[3, 83] 1.380082
[3, 84] 1.159321
[3, 85] 1.3298770000000002
[3, 86] 0.964074
[3, 87] 0.874073
[3, 88] 1.170454
[3, 89] 0.739526
[3, 90] 1.361368
[3, 91] 1.099529
[3, 92] 1.1574229999999999
[3, 93] 0.913431
[3, 94] 1.005008
[3, 95] 1.359016
[3, 96] 1.294167
[3, 97] 1.064127
[3, 98] 0.5142530000000001
[3, 99] 0.9217879999999999
[3, 100] 1.397173
[4, 1] 0.323491
[4, 2] 0.699646
[4, 3] 0.870272
[4, 4] 0.6670050000000001
[4, 5] 0.517157
[4, 6] 0.646757
[4, 7] 0.4764860000000001
[4, 8] 0.7811310000000001
[4, 9] 0.8659370000000001
[4, 10] 0.7026249999999999
[4, 11] 0.8048150000000001
[4, 12] 1.1047010000000002
[4, 13] 0.6444660000000001
[4, 14] 0.775023
[4, 15] 0.262629
[4, 16] 0.333083
[4, 17] 0.6662859999999999
[4, 18] 0.932987
[4, 19] 0.744982
[4, 20] 0.8102969999999999
[4, 21] 0.922733
[4, 22] 0.895
[4, 23] 0.9874970000000001
[4, 24] 0.22146600000000002
[4, 25] 1.089269
[4, 26] 0.49007900000000004
[4, 27] 0.4299929999999999
[4, 28] 0.379878
[4, 29] 1.0237690000000002
[4, 30] 0.780424
[4, 31] 0.5446620000000001
[4, 32] 1.038454
[4, 33] 0.230058
[4, 34] 0.5617110000000001
[4, 35] 0.780896
[4, 36] 0.9393000000000001
[4, 37] 0.985206
[4, 38] 0.32929800000000004
[4, 39] 0.5177160000000001
[4, 40] 0.589518
[4, 41] 0.817409
[4, 42] 0.529243
[4, 43] 0.486703
[4, 44] 0.714857
[4, 45] 0.969179
[4, 46] 0.533094
[4, 47] 0.671138
[4, 48] 0.660644
[4, 49] 0.922453
[4, 50] 0.38812
[4, 51] 0.458342
[4, 52] 0.29990400000000006
[4, 53] 0.686751
[4, 54] 0.42071800000000004
[4, 55] 0.6335179999999999
[4, 56] 0.126135
[4, 57] 0.52503
[4, 58] 0.755621
[4, 59] 0.7729630000000001
[4, 60] 0.704964
[4, 61] 1.1054050000000002
[4, 62] 0.18496100000000001
[4, 63] 1.15799
[4, 64] 0.477002
[4, 65] 0.38173900000000005
[4, 66] 1.070586
[4, 67] 0.999637
[4, 68] 0.6841740000000001
[4, 69] 0.7190369999999999
[4, 70] 0.372423
[4, 71] 0.880935
[4, 72] 0.7174470000000002
[4, 73] 1.015042
[4, 74] 0.5179600000000001
[4, 75] 0.239465
[4, 76] 0.6873870000000001
[4, 77] 0.48485500000000004
[4, 78] 0.616247
[4, 79] 0.910574
[4, 80] 0.6953790000000001
[4, 81] 0.632579
[4, 82] 0.528256
[4, 83] 0.919928
[4, 84] 0.8284380000000001
[4, 85] 0.882536
[4, 86] 0.611815
[4, 87] 0.6998770000000001
[4, 88] 0.864166
[4, 89] 0.49427400000000005
[4, 90] 0.877244
[4, 91] 0.6266229999999999
[4, 92] 0.715152
[4, 93] 0.591679
[4, 94] 0.715447
[4, 95] 0.956618
[4, 96] 0.835609
[4, 97] 0.6197360000000001
[4, 98] 0.334418
[4, 99] 0.490811
[4, 100] 0.941778
[5, 1] 0.365664
[5, 2] 0.768202
[5, 3] 1.014159
[5, 4] 0.517157
[5, 5] 2.129715
[5, 6] 1.228614
[5, 7] 0.220203
[5, 8] 1.384134
[5, 9] 1.524484
[5, 10] 1.558578
[5, 11] 1.083828
[5, 12] 2.102658
[5, 13] 1.597401
[5, 14] 1.782417
[5, 15] 1.1946160000000001
[5, 16] 1.074813
[5, 17] 1.2227649999999999
[5, 18] 1.6193309999999999
[5, 19] 1.748028
[5, 20] 1.049412
[5, 21] 1.234939
[5, 22] 1.262736
[5, 23] 1.3882689999999998
[5, 24] 0.536622
[5, 25] 1.469059
[5, 26] 1.5011599999999998
[5, 27] 0.8593239999999999
[5, 28] 1.2561989999999998
[5, 29] 1.314182
[5, 30] 1.54474
[5, 31] 1.113821
[5, 32] 1.407403
[5, 33] 0.585756
[5, 34] 1.079894
[5, 35] 1.46485
[5, 36] 1.8089689999999998
[5, 37] 1.77828
[5, 38] 0.613897
[5, 39] 0.719238
[5, 40] 1.597168
[5, 41] 1.0502200000000002
[5, 42] 1.632429
[5, 43] 1.862191
[5, 44] 1.124834
[5, 45] 1.771539
[5, 46] 0.846934
[5, 47] 0.849041
[5, 48] 1.8856439999999999
[5, 49] 1.009657
[5, 50] 0.9717600000000001
[5, 51] 0.8206439999999999
[5, 52] 1.491364
[5, 53] 1.7130159999999999
[5, 54] 0.727911
[5, 55] 1.3017919999999998
[5, 56] 1.1533449999999998
[5, 57] 1.082042
[5, 58] 1.386325
[5, 59] 1.4161549999999998
[5, 60] 1.75429
[5, 61] 1.329352
[5, 62] 1.20764
[5, 63] 1.868988
[5, 64] 0.5396759999999999
[5, 65] 0.9512849999999999
[5, 66] 1.866463
[5, 67] 0.729113
[5, 68] 1.260487
[5, 69] 0.9655750000000001
[5, 70] 1.158406
[5, 71] 1.067331
[5, 72] 0.531274
[5, 73] 1.910034
[5, 74] 1.677088
[5, 75] 0.851035
[5, 76] 1.097812
[5, 77] 1.570532
[5, 78] 1.300846
[5, 79] 1.859857
[5, 80] 1.114957
[5, 81] 1.0371560000000002
[5, 82] 1.771442
[5, 83] 1.5239230000000001
[5, 84] 1.157034
[5, 85] 1.5276599999999998
[5, 86] 1.016403
[5, 87] 0.42701300000000003
[5, 88] 1.093725
[5, 89] 0.940346
[5, 90] 1.609481
[5, 91] 1.6391089999999997
[5, 92] 1.8280059999999998
[5, 93] 1.0837400000000001
[5, 94] 1.274074
[5, 95] 1.216524
[5, 96] 1.445332
[5, 97] 1.8363549999999997
[5, 98] 0.946434
[5, 99] 1.564421
[5, 100] 1.7347299999999999
[6, 1] 0.432273
[6, 2] 0.7396420000000001
[6, 3] 0.9457220000000001
[6, 4] 0.646757
[6, 5] 1.228614
[6, 6] 1.0154910000000001
[6, 7] 0.45283500000000004
[6, 8] 1.252822
[6, 9] 1.108926
[6, 10] 1.159308
[6, 11] 0.972036
[6, 12] 1.714013
[6, 13] 1.210158
[6, 14] 1.301608
[6, 15] 0.8019700000000001
[6, 16] 0.572492
[6, 17] 0.808886
[6, 18] 1.392304
[6, 19] 1.293646
[6, 20] 0.908955
[6, 21] 1.192972
[6, 22] 1.100958
[6, 23] 1.2002720000000002
[6, 24] 0.41188
[6, 25] 1.2084970000000002
[6, 26] 1.014729
[6, 27] 0.690164
[6, 28] 0.7807529999999999
[6, 29] 1.3644720000000001
[6, 30] 1.243109
[6, 31] 0.744093
[6, 32] 1.3522100000000001
[6, 33] 0.345881
[6, 34] 0.9431430000000001
[6, 35] 1.283109
[6, 36] 1.489622
[6, 37] 1.436491
[6, 38] 0.576604
[6, 39] 0.723095
[6, 40] 1.084527
[6, 41] 0.882102
[6, 42] 0.955165
[6, 43] 1.095405
[6, 44] 1.02778
[6, 45] 1.466649
[6, 46] 0.806285
[6, 47] 0.694526
[6, 48] 1.212128
[6, 49] 0.9958779999999999
[6, 50] 0.556153
[6, 51] 0.799854
[6, 52] 0.907858
[6, 53] 1.251755
[6, 54] 0.5416880000000001
[6, 55] 1.060203
[6, 56] 0.7179869999999999
[6, 57] 0.834176
[6, 58] 1.175845
[6, 59] 1.158986
[6, 60] 1.252798
[6, 61] 1.174958
[6, 62] 0.622006
[6, 63] 1.4678870000000002
[6, 64] 0.49759499999999995
[6, 65] 0.6144090000000001
[6, 66] 1.44477
[6, 67] 1.022779
[6, 68] 0.8600890000000001
[6, 69] 0.827711
[6, 70] 0.8500970000000001
[6, 71] 0.938196
[6, 72] 0.6564670000000001
[6, 73] 1.4507670000000001
[6, 74] 0.954504
[6, 75] 0.5993419999999999
[6, 76] 0.839172
[6, 77] 1.101662
[6, 78] 1.077935
[6, 79] 1.3380530000000002
[6, 80] 0.845484
[6, 81] 0.757394
[6, 82] 1.042194
[6, 83] 1.182536
[6, 84] 1.021287
[6, 85] 1.17334
[6, 86] 0.696395
[6, 87] 0.65376
[6, 88] 1.087424
[6, 89] 0.744588
[6, 90] 1.1946510000000001
[6, 91] 1.01526
[6, 92] 1.231906
[6, 93] 0.790822
[6, 94] 1.112161
[6, 95] 1.090149
[6, 96] 1.0795
[6, 97] 1.159448
[6, 98] 0.720769
[6, 99] 0.867241
[6, 100] 1.390607
[7, 1] 0.294219
[7, 2] 0.5207560000000001
[7, 3] 0.557804
[7, 4] 0.4764860000000001
[7, 5] 0.220203
[7, 6] 0.45283500000000004
[7, 7] 0.443121
[7, 8] 0.551428
[7, 9] 0.477105
[7, 10] 0.578322
[7, 11] 0.6858960000000001
[7, 12] 0.738779
[7, 13] 0.41467500000000007
[7, 14] 0.515437
[7, 15] 0.233245
[7, 16] 0.13584200000000002
[7, 17] 0.233264
[7, 18] 0.749902
[7, 19] 0.52822
[7, 20] 0.44816999999999996
[7, 21] 0.668209
[7, 22] 0.513489
[7, 23] 0.60866
[7, 24] 0.183883
[7, 25] 0.615199
[7, 26] 0.357069
[7, 27] 0.12016399999999999
[7, 28] 0.22118999999999997
[7, 29] 0.7368180000000001
[7, 30] 0.47980100000000003
[7, 31] 0.269502
[7, 32] 0.692939
[7, 33] 0.11883200000000001
[7, 34] 0.532332
[7, 35] 0.6548160000000001
[7, 36] 0.710507
[7, 37] 0.665872
[7, 38] 0.32271700000000003
[7, 39] 0.36007100000000003
[7, 40] 0.416211
[7, 41] 0.500418
[7, 42] 0.20183800000000002
[7, 43] 0.325749
[7, 44] 0.49222
[7, 45] 0.761451
[7, 46] 0.423647
[7, 47] 0.421709
[7, 48] 0.40175
[7, 49] 0.6125919999999999
[7, 50] 0.168328
[7, 51] 0.44824200000000003
[7, 52] 0.2482
[7, 53] 0.368039
[7, 54] 0.306245
[7, 55] 0.508257
[7, 56] 0.155274
[7, 57] 0.34205900000000006
[7, 58] 0.46992100000000003
[7, 59] 0.621917
[7, 60] 0.594244
[7, 61] 0.640619
[7, 62] 0.094333
[7, 63] 0.676427
[7, 64] 0.34095600000000004
[7, 65] 0.173754
[7, 66] 0.6213420000000001
[7, 67] 0.670417
[7, 68] 0.338974
[7, 69] 0.324014
[7, 70] 0.21995900000000002
[7, 71] 0.655812
[7, 72] 0.61171
[7, 73] 0.6186
[7, 74] 0.163281
[7, 75] 0.178619
[7, 76] 0.330168
[7, 77] 0.230015
[7, 78] 0.5414960000000001
[7, 79] 0.47250200000000003
[7, 80] 0.500847
[7, 81] 0.231899
[7, 82] 0.194496
[7, 83] 0.584255
[7, 84] 0.6984090000000001
[7, 85] 0.5719510000000001
[7, 86] 0.326204
[7, 87] 0.5569710000000001
[7, 88] 0.660791
[7, 89] 0.320994
[7, 90] 0.439845
[7, 91] 0.18023699999999998
[7, 92] 0.569431
[7, 93] 0.36608799999999997
[7, 94] 0.608407
[7, 95] 0.623472
[7, 96] 0.385366
[7, 97] 0.43113799999999997
[7, 98] 0.274861
[7, 99] 0.205744
[7, 100] 0.632825
[8, 1] 0.54954
[8, 2] 0.797498
[8, 3] 1.095845
[8, 4] 0.7811310000000001
[8, 5] 1.384134
[8, 6] 1.252822
[8, 7] 0.551428
[8, 8] 1.649899
[8, 9] 1.224487
[8, 10] 1.269571
[8, 11] 1.012363
[8, 12] 2.1139959999999998
[8, 13] 1.527957
[8, 14] 1.5220879999999999
[8, 15] 0.978547
[8, 16] 0.54066
[8, 17] 0.908365
[8, 18] 1.643414
[8, 19] 1.519968
[8, 20] 1.0811119999999999
[8, 21] 1.475012
[8, 22] 1.3558860000000001
[8, 23] 1.424814
[8, 24] 0.48715200000000003
[8, 25] 1.3650289999999998
[8, 26] 1.1645919999999998
[8, 27] 1.000661
[8, 28] 0.869638
[8, 29] 1.7875470000000002
[8, 30] 1.571725
[8, 31] 0.8066720000000001
[8, 32] 1.724391
[8, 33] 0.335395
[8, 34] 1.115932
[8, 35] 1.579579
[8, 36] 1.7937830000000001
[8, 37] 1.7089969999999999
[8, 38] 0.720475
[8, 39] 0.961773
[8, 40] 1.2084409999999999
[8, 41] 0.9633189999999999
[8, 42] 1.044529
[8, 43] 1.142271
[8, 44] 1.313715
[8, 45] 1.7110509999999999
[8, 46] 1.027877
[8, 47] 0.7134530000000001
[8, 48] 1.33352
[8, 49] 1.172868
[8, 50] 0.5346529999999999
[8, 51] 1.021016
[8, 52] 1.02083
[8, 53] 1.5868419999999999
[8, 54] 0.5462009999999999
[8, 55] 1.269973
[8, 56] 0.880975
[8, 57] 1.003936
[8, 58] 1.523651
[8, 59] 1.321416
[8, 60] 1.35754
[8, 61] 1.353415
[8, 62] 0.635251
[8, 63] 1.686989
[8, 64] 0.527197
[8, 65] 0.6976370000000001
[8, 66] 1.691727
[8, 67] 1.381797
[8, 68] 0.91855
[8, 69] 1.0544870000000002
[8, 70] 1.12343
[8, 71] 0.949734
[8, 72] 0.668724
[8, 73] 1.687639
[8, 74] 1.046384
[8, 75] 0.7504099999999999
[8, 76] 0.988743
[8, 77] 1.453877
[8, 78] 1.290532
[8, 79] 1.57618
[8, 80] 0.841212
[8, 81] 0.915061
[8, 82] 1.177652
[8, 83] 1.313415
[8, 84] 1.0729069999999998
[8, 85] 1.303856
[8, 86] 0.691473
[8, 87] 0.7881300000000001
[8, 88] 1.318199
[8, 89] 0.896424
[8, 90] 1.4175039999999999
[8, 91] 1.1990399999999999
[8, 92] 1.269944
[8, 93] 0.857309
[8, 94] 1.3235299999999999
[8, 95] 1.253903
[8, 96] 1.2908050000000002
[8, 97] 1.212775
[8, 98] 0.897409
[8, 99] 0.867429
[8, 100] 1.657215
[9, 1] 0.39552800000000005
[9, 2] 1.045342
[9, 3] 1.343112
[9, 4] 0.8659370000000001
[9, 5] 1.524484
[9, 6] 1.108926
[9, 7] 0.477105
[9, 8] 1.224487
[9, 9] 1.6440860000000002
[9, 10] 1.3335430000000001
[9, 11] 1.2469709999999998
[9, 12] 1.923778
[9, 13] 1.249773
[9, 14] 1.5263879999999999
[9, 15] 0.6801900000000001
[9, 16] 0.932177
[9, 17] 1.3757860000000002
[9, 18] 1.517509
[9, 19] 1.450966
[9, 20] 1.328725
[9, 21] 1.367382
[9, 22] 1.462073
[9, 23] 1.615417
[9, 24] 0.41514500000000004
[9, 25] 1.848702
[9, 26] 1.105294
[9, 27] 0.7921689999999999
[9, 28] 0.954278
[9, 29] 1.4285670000000001
[9, 30] 1.387759
[9, 31] 1.131638
[9, 32] 1.5555050000000001
[9, 33] 0.548676
[9, 34] 0.8906130000000001
[9, 35] 1.2480740000000001
[9, 36] 1.608687
[9, 37] 1.717956
[9, 38] 0.480219
[9, 39] 0.740965
[9, 40] 1.279107
[9, 41] 1.358267
[9, 42] 1.372575
[9, 43] 1.3469499999999999
[9, 44] 1.112305
[9, 45] 1.638984
[9, 46] 0.7880350000000002
[9, 47] 1.130431
[9, 48] 1.532898
[9, 49] 1.368333
[9, 50] 0.9432980000000001
[9, 51] 0.641204
[9, 52] 0.900428
[9, 53] 1.3910600000000002
[9, 54] 0.771543
[9, 55] 1.098433
[9, 56] 0.509827
[9, 57] 0.9702609999999999
[9, 58] 1.27272
[9, 59] 1.317916
[9, 60] 1.417428
[9, 61] 1.7799880000000003
[9, 62] 0.7606259999999999
[9, 63] 2.055987
[9, 64] 0.73578
[9, 65] 0.8568990000000001
[9, 66] 1.9392200000000002
[9, 67] 1.212764
[9, 68] 1.370934
[9, 69] 1.201981
[9, 70] 0.7879120000000002
[9, 71] 1.3982309999999998
[9, 72] 0.929887
[9, 73] 1.879312
[9, 74] 1.400669
[9, 75] 0.5430320000000001
[9, 76] 1.253927
[9, 77] 1.095962
[9, 78] 1.0455450000000002
[9, 79] 1.794678
[9, 80] 1.2463939999999998
[9, 81] 1.204874
[9, 82] 1.4109639999999999
[9, 83] 1.643851
[9, 84] 1.301497
[9, 85] 1.595515
[9, 86] 1.194285
[9, 87] 0.8202
[9, 88] 1.247689
[9, 89] 0.883708
[9, 90] 1.661731
[9, 91] 1.4873399999999999
[9, 92] 1.524551
[9, 93] 1.1214870000000001
[9, 94] 1.143256
[9, 95] 1.5156439999999998
[9, 96] 1.567715
[9, 97] 1.4665380000000001
[9, 98] 0.652109
[9, 99] 1.332481
[9, 100] 1.6568370000000001
[10, 1] 0.516942
[10, 2] 0.9959899999999999
[10, 3] 1.071197
[10, 4] 0.7026249999999999
[10, 5] 1.558578
[10, 6] 1.159308
[10, 7] 0.578322
[10, 8] 1.269571
[10, 9] 1.3335430000000001
[10, 10] 1.675863
[10, 11] 1.475967
[10, 12] 1.92155
[10, 13] 1.325997
[10, 14] 1.611856
[10, 15] 1.049387
[10, 16] 0.8406680000000001
[10, 17] 0.808029
[10, 18] 1.787854
[10, 19] 1.628956
[10, 20] 0.9263339999999999
[10, 21] 1.331492
[10, 22] 1.100106
[10, 23] 1.3209179999999998
[10, 24] 0.542872
[10, 25] 1.3562269999999998
[10, 26] 1.3575139999999999
[10, 27] 0.378417
[10, 28] 1.034688
[10, 29] 1.363367
[10, 30] 1.297971
[10, 31] 0.9058339999999999
[10, 32] 1.370415
[10, 33] 0.501089
[10, 34] 1.2954500000000002
[10, 35] 1.581841
[10, 36] 1.824295
[10, 37] 1.700527
[10, 38] 0.740471
[10, 39] 0.693767
[10, 40] 1.480627
[10, 41] 1.070863
[10, 42] 1.172431
[10, 43] 1.636141
[10, 44] 1.074183
[10, 45] 1.902129
[10, 46] 0.908235
[10, 47] 0.9165009999999999
[10, 48] 1.6215680000000001
[10, 49] 1.115216
[10, 50] 0.7748829999999999
[10, 51] 0.99114
[10, 52] 1.312058
[10, 53] 1.285296
[10, 54] 0.806597
[10, 55] 1.344551
[10, 56] 0.983569
[10, 57] 0.971128
[10, 58] 1.1663210000000002
[10, 59] 1.565332
[10, 60] 1.856624
[10, 61] 1.2721829999999998
[10, 62] 0.951603
[10, 63] 1.6886629999999998
[10, 64] 0.670503
[10, 65] 0.714699
[10, 66] 1.634383
[10, 67] 0.8466629999999999
[10, 68] 1.044128
[10, 69] 0.6685289999999999
[10, 70] 0.858456
[10, 71] 1.365654
[10, 72] 0.997178
[10, 73] 1.7105130000000002
[10, 74] 1.141672
[10, 75] 0.7166939999999999
[10, 76] 0.8490669999999999
[10, 77] 1.062109
[10, 78] 1.417458
[10, 79] 1.477806
[10, 80] 1.2624760000000002
[10, 81] 0.6561009999999999
[10, 82] 1.23956
[10, 83] 1.483611
[10, 84] 1.530957
[10, 85] 1.4920959999999999
[10, 86] 0.924635
[10, 87] 0.759122
[10, 88] 1.283291
[10, 89] 0.856976
[10, 90] 1.259342
[10, 91] 1.00952
[10, 92] 1.896788
[10, 93] 1.025373
[10, 94] 1.44734
[10, 95] 1.275285
[10, 96] 1.070225
[10, 97] 1.7085629999999998
[10, 98] 0.8827990000000001
[10, 99] 1.2076109999999998
[10, 100] 1.641825
[11, 1] 0.494898
[11, 2] 1.076866
[11, 3] 1.119083
[11, 4] 0.8048150000000001
[11, 5] 1.083828
[11, 6] 0.972036
[11, 7] 0.6858960000000001
[11, 8] 1.012363
[11, 9] 1.2469709999999998
[11, 10] 1.475967
[11, 11] 1.5120509999999998
[11, 12] 1.607006
[11, 13] 0.9809910000000001
[11, 14] 1.328998
[11, 15] 0.705751
[11, 16] 0.702194
[11, 17] 0.733823
[11, 18] 1.606576
[11, 19] 1.334764
[11, 20] 0.9273060000000001
[11, 21] 1.255654
[11, 22] 1.030626
[11, 23] 1.273172
[11, 24] 0.442852
[11, 25] 1.3798449999999998
[11, 26] 1.052574
[11, 27] 0.173981
[11, 28] 0.790374
[11, 29] 1.2356070000000001
[11, 30] 1.035827
[11, 31] 0.81174
[11, 32] 1.255061
[11, 33] 0.44540899999999994
[11, 34] 1.13301
[11, 35] 1.344789
[11, 36] 1.561793
[11, 37] 1.496695
[11, 38] 0.626329
[11, 39] 0.5995309999999999
[11, 40] 1.211955
[11, 41] 1.121163
[11, 42] 0.8991729999999999
[11, 43] 1.277151
[11, 44] 0.927775
[11, 45] 1.696875
[11, 46] 0.7859750000000001
[11, 47] 0.987527
[11, 48] 1.307
[11, 49] 1.174198
[11, 50] 0.691555
[11, 51] 0.831252
[11, 52] 0.9313300000000001
[11, 53] 0.923924
[11, 54] 0.789683
[11, 55] 1.136343
[11, 56] 0.589023
[11, 57] 0.8080759999999999
[11, 58] 0.929575
[11, 59] 1.417262
[11, 60] 1.598308
[11, 61] 1.334003
[11, 62] 0.664399
[11, 63] 1.585871
[11, 64] 0.727623
[11, 65] 0.574929
[11, 66] 1.471605
[11, 67] 0.930565
[11, 68] 0.980518
[11, 69] 0.624899
[11, 70] 0.5373680000000001
[11, 71] 1.470456
[11, 72] 1.1786020000000001
[11, 73] 1.507677
[11, 74] 0.850464
[11, 75] 0.486968
[11, 76] 0.7881750000000001
[11, 77] 0.632441
[11, 78] 1.194458
[11, 79] 1.244264
[11, 80] 1.26921
[11, 81] 0.587921
[11, 82] 0.897228
[11, 83] 1.408985
[11, 84] 1.550289
[11, 85] 1.3960000000000001
[11, 86] 0.931997
[11, 87] 0.9003120000000001
[11, 88] 1.246949
[11, 89] 0.73254
[11, 90] 1.096632
[11, 91] 0.740334
[11, 92] 1.661224
[11, 93] 0.9558730000000001
[11, 94] 1.284244
[11, 95] 1.2957329999999998
[11, 96] 0.946717
[11, 97] 1.420601
[11, 98] 0.654259
[11, 99] 0.9827049999999999
[11, 100] 1.4330450000000001
[12, 1] 0.709779
[12, 2] 1.25045
[12, 3] 1.630082
[12, 4] 1.1047010000000002
[12, 5] 2.102658
[12, 6] 1.714013
[12, 7] 0.738779
[12, 8] 2.1139959999999998
[12, 9] 1.923778
[12, 10] 1.92155
[12, 11] 1.607006
[12, 12] 2.905803
[12, 13] 2.047608
[12, 14] 2.201136
[12, 15] 1.320222
[12, 16] 0.9944859999999999
[12, 17] 1.453658
[12, 18] 2.3183219999999998
[12, 19] 2.174582
[12, 20] 1.589515
[12, 21] 2.0166560000000002
[12, 22] 1.909812
[12, 23] 2.067834
[12, 24] 0.682202
[12, 25] 2.108915
[12, 26] 1.6960229999999998
[12, 27] 1.229458
[12, 28] 1.3237189999999999
[12, 29] 2.308306
[12, 30] 2.121137
[12, 31] 1.296851
[12, 32] 2.306772
[12, 33] 0.597183
[12, 34] 1.540575
[12, 35] 2.126095
[12, 36] 2.49462
[12, 37] 2.436189
[12, 38] 0.939222
[12, 39] 1.2264190000000001
[12, 40] 1.820199
[12, 41] 1.527844
[12, 42] 1.662457
[12, 43] 1.836191
[12, 44] 1.742442
[12, 45] 2.447351
[12, 46] 1.345489
[12, 47] 1.200972
[12, 48] 2.056388
[12, 49] 1.7100760000000002
[12, 50] 0.973539
[12, 51] 1.30357
[12, 52] 1.499078
[12, 53] 2.145233
[12, 54] 0.912826
[12, 55] 1.763751
[12, 56] 1.167115
[12, 57] 1.4158659999999998
[12, 58] 2.006891
[12, 59] 1.9285819999999998
[12, 60] 2.070162
[12, 61] 2.050478
[12, 62] 1.045586
[12, 63] 2.535959
[12, 64] 0.846221
[12, 65] 1.0674130000000002
[12, 66] 2.4907459999999997
[12, 67] 1.761549
[12, 68] 1.506015
[12, 69] 1.471987
[12, 70] 1.4393230000000001
[12, 71] 1.5845459999999998
[12, 72] 1.087159
[12, 73] 2.4843290000000002
[12, 74] 1.671234
[12, 75] 0.9987699999999999
[12, 76] 1.477478
[12, 77] 1.8848340000000001
[12, 78] 1.7761909999999999
[12, 79] 2.3175950000000003
[12, 80] 1.428536
[12, 81] 1.3604140000000002
[12, 82] 1.8084620000000002
[12, 83] 2.0245859999999998
[12, 84] 1.691011
[12, 85] 2.002266
[12, 86] 1.218271
[12, 87] 1.098568
[12, 88] 1.8269900000000001
[12, 89] 1.266268
[12, 90] 2.082903
[12, 91] 1.80022
[12, 92] 2.0462119999999997
[12, 93] 1.3548040000000001
[12, 94] 1.839707
[12, 95] 1.8712989999999998
[12, 96] 1.8996300000000002
[12, 97] 1.9459279999999999
[12, 98] 1.194577
[12, 99] 1.5032489999999998
[12, 100] 2.358819
[13, 1] 0.47521800000000003
[13, 2] 0.7335600000000001
[13, 3] 0.999702
[13, 4] 0.6444660000000001
[13, 5] 1.597401
[13, 6] 1.210158
[13, 7] 0.41467500000000007
[13, 8] 1.527957
[13, 9] 1.249773
[13, 10] 1.325997
[13, 11] 0.9809910000000001
[13, 12] 2.047608
[13, 13] 1.5223140000000002
[13, 14] 1.562049
[13, 15] 1.0520610000000001
[13, 16] 0.6830189999999999
[13, 17] 0.944808
[13, 18] 1.585935
[13, 19] 1.5553080000000001
[13, 20] 1.003248
[13, 21] 1.339611
[13, 22] 1.257984
[13, 23] 1.338153
[13, 24] 0.494712
[13, 25] 1.30488
[13, 26] 1.25337
[13, 27] 0.9266009999999999
[13, 28] 0.973827
[13, 29] 1.576209
[13, 30] 1.518747
[13, 31] 0.8595750000000001
[13, 32] 1.55553
[13, 33] 0.396279
[13, 34] 1.083846
[13, 35] 1.509945
[13, 36] 1.750332
[13, 37] 1.669581
[13, 38] 0.677364
[13, 39] 0.855045
[13, 40] 1.302783
[13, 41] 0.921399
[13, 42] 1.1930399999999999
[13, 43] 1.350906
[13, 44] 1.2120330000000001
[13, 45] 1.6775820000000001
[13, 46] 0.944493
[13, 47] 0.697566
[13, 48] 1.471536
[13, 49] 1.048299
[13, 50] 0.638973
[13, 51] 0.945
[13, 52] 1.171626
[13, 53] 1.591368
[13, 54] 0.5730120000000001
[13, 55] 1.251399
[13, 56] 0.986514
[13, 57] 0.998364
[13, 58] 1.43736
[13, 59] 1.308999
[13, 60] 1.4518499999999999
[13, 61] 1.251069
[13, 62] 0.814557
[13, 63] 1.655127
[13, 64] 0.492489
[13, 65] 0.75042
[13, 66] 1.668516
[13, 67] 1.09947
[13, 68] 0.967875
[13, 69] 0.964572
[13, 70] 1.125366
[13, 71] 0.916587
[13, 72] 0.568878
[13, 73] 1.6883730000000001
[13, 74] 1.207986
[13, 75] 0.779829
[13, 76] 0.965211
[13, 77] 1.4751750000000001
[13, 78] 1.270734
[13, 79] 1.600503
[13, 80] 0.874653
[13, 81] 0.8959350000000001
[13, 82] 1.33221
[13, 83] 1.311162
[13, 84] 1.0445309999999999
[13, 85] 1.3108499999999998
[13, 86] 0.738774
[13, 87] 0.620499
[13, 88] 1.1916
[13, 89] 0.88005
[13, 90] 1.410681
[13, 91] 1.288389
[13, 92] 1.409424
[13, 93] 0.884649
[13, 94] 1.27383
[13, 95] 1.167219
[13, 96] 1.2711569999999999
[13, 97] 1.378032
[13, 98] 0.9059130000000001
[13, 99] 1.051248
[13, 100] 1.623687
[14, 1] 0.514206
[14, 2] 0.978662
[14, 3] 1.2125650000000001
[14, 4] 0.775023
[14, 5] 1.782417
[14, 6] 1.301608
[14, 7] 0.515437
[14, 8] 1.5220879999999999
[14, 9] 1.5263879999999999
[14, 10] 1.611856
[14, 11] 1.328998
[14, 12] 2.201136
[14, 13] 1.562049
[14, 14] 1.757823
[14, 15] 1.091176
[14, 16] 0.9002330000000001
[14, 17] 1.1200910000000002
[14, 18] 1.814979
[14, 19] 1.740748
[14, 20] 1.163108
[14, 21] 1.479689
[14, 22] 1.386042
[14, 23] 1.544353
[14, 24] 0.550168
[14, 25] 1.601543
[14, 26] 1.411178
[14, 27] 0.7993139999999999
[14, 28] 1.1184669999999999
[14, 29] 1.6177000000000001
[14, 30] 1.578044
[14, 31] 1.051269
[14, 32] 1.647343
[14, 33] 0.525738
[14, 34] 1.23041
[14, 35] 1.634832
[14, 36] 1.937741
[14, 37] 1.88073
[14, 38] 0.7224729999999999
[14, 39] 0.854282
[14, 40] 1.52386
[14, 41] 1.18353
[14, 42] 1.391051
[14, 43] 1.636499
[14, 44] 1.265228
[14, 45] 1.936099
[14, 46] 0.990402
[14, 47] 0.9606290000000001
[14, 48] 1.7301760000000002
[14, 49] 1.255233
[14, 50] 0.851754
[14, 51] 0.983864
[14, 52] 1.310816
[14, 53] 1.620506
[14, 54] 0.774347
[14, 55] 1.388288
[14, 56] 0.9963869999999999
[14, 57] 1.097092
[14, 58] 1.4564570000000001
[14, 59] 1.550673
[14, 60] 1.7664579999999999
[14, 61] 1.521092
[14, 62] 0.9695280000000001
[14, 63] 1.954696
[14, 64] 0.667366
[14, 65] 0.8595230000000001
[14, 66] 1.9148450000000001
[14, 67] 1.126529
[14, 68] 1.2148030000000003
[14, 69] 1.0199850000000001
[14, 70] 1.079304
[14, 71] 1.294791
[14, 72] 0.8595780000000001
[14, 73] 1.940128
[14, 74] 1.397038
[14, 75] 0.7936169999999999
[14, 76] 1.1057420000000002
[14, 77] 1.41134
[14, 78] 1.410266
[14, 79] 1.7959370000000001
[14, 80] 1.2089269999999999
[14, 81] 0.991108
[14, 82] 1.497042
[14, 83] 1.606327
[14, 84] 1.3951339999999999
[14, 85] 1.598382
[14, 86] 1.009997
[14, 87] 0.7662909999999999
[14, 88] 1.357537
[14, 89] 0.9728380000000001
[14, 90] 1.583771
[14, 91] 1.403923
[14, 92] 1.791776
[14, 93] 1.09957
[14, 94] 1.442324
[14, 95] 1.4148980000000002
[14, 96] 1.420294
[14, 97] 1.6993129999999999
[14, 98] 0.94097
[14, 99] 1.3248710000000001
[14, 100] 1.8221019999999999
[15, 1] 0.32747600000000004
[15, 2] 0.40415
[15, 3] 0.46578
[15, 4] 0.262629
[15, 5] 1.1946160000000001
[15, 6] 0.8019700000000001
[15, 7] 0.233245
[15, 8] 0.978547
[15, 9] 0.6801900000000001
[15, 10] 1.049387
[15, 11] 0.705751
[15, 12] 1.320222
[15, 13] 1.0520610000000001
[15, 14] 1.091176
[15, 15] 0.916998
[15, 16] 0.47547300000000003
[15, 17] 0.375126
[15, 18] 1.131053
[15, 19] 1.127766
[15, 20] 0.425205
[15, 21] 0.788986
[15, 22] 0.607373
[15, 23] 0.689657
[15, 24] 0.38972500000000004
[15, 25] 0.5808220000000001
[15, 26] 0.99341
[15, 27] 0.40508500000000003
[15, 28] 0.73671
[15, 29] 0.901947
[15, 30] 0.942999
[15, 31] 0.482926
[15, 32] 0.8517690000000001
[15, 33] 0.265208
[15, 34] 0.879757
[15, 35] 1.114446
[15, 36] 1.229799
[15, 37] 1.067632
[15, 38] 0.5451630000000001
[15, 39] 0.49128499999999997
[15, 40] 0.999011
[15, 41] 0.43191900000000005
[15, 42] 0.774795
[15, 43] 1.13131
[15, 44] 0.732333
[15, 45] 1.20004
[15, 46] 0.636739
[15, 47] 0.330247
[15, 48] 1.081866
[15, 49] 0.491141
[15, 50] 0.388542
[15, 51] 0.74806
[15, 52] 1.050516
[15, 53] 1.022008
[15, 54] 0.393583
[15, 55] 0.928601
[15, 56] 0.943367
[15, 57] 0.657513
[15, 58] 0.8657680000000001
[15, 59] 0.959024
[15, 60] 1.1975879999999999
[15, 61] 0.515892
[15, 62] 0.723354
[15, 63] 0.890595
[15, 64] 0.260128
[15, 65] 0.457775
[15, 66] 0.939872
[15, 67] 0.402316
[15, 68] 0.500598
[15, 69] 0.344257
[15, 70] 0.796924
[15, 71] 0.537255
[15, 72] 0.320367
[15, 73] 1.0293320000000001
[15, 74] 0.766537
[15, 75] 0.620732
[15, 76] 0.432755
[15, 77] 0.9979220000000001
[15, 78] 0.998513
[15, 79] 0.922622
[15, 80] 0.575894
[15, 81] 0.32787400000000005
[15, 82] 0.8892840000000001
[15, 83] 0.7723070000000001
[15, 84] 0.750201
[15, 85] 0.804623
[15, 86] 0.368545
[15, 87] 0.27351600000000004
[15, 88] 0.724321
[15, 89] 0.559492
[15, 90] 0.7397750000000001
[15, 91] 0.686208
[15, 92] 1.156635
[15, 93] 0.541699
[15, 94] 0.948284
[15, 95] 0.594496
[15, 96] 0.5973590000000001
[15, 97] 1.098038
[15, 98] 0.717029
[15, 99] 0.725685
[15, 100] 1.042837
[16, 1] 0.150378
[16, 2] 0.527702
[16, 3] 0.637176
[16, 4] 0.333083
[16, 5] 1.074813
[16, 6] 0.572492
[16, 7] 0.13584200000000002
[16, 8] 0.54066
[16, 9] 0.932177
[16, 10] 0.8406680000000001
[16, 11] 0.702194
[16, 12] 0.9944859999999999
[16, 13] 0.6830189999999999
[16, 14] 0.9002330000000001
[16, 15] 0.47547300000000003
[16, 16] 0.674714
[16, 17] 0.768568
[16, 18] 0.8103980000000001
[16, 19] 0.85939
[16, 20] 0.633247
[16, 21] 0.6165050000000001
[16, 22] 0.6837030000000001
[16, 23] 0.7926679999999999
[16, 24] 0.24865900000000002
[16, 25] 0.944684
[16, 26] 0.7288279999999999
[16, 27] 0.310242
[16, 28] 0.649733
[16, 29] 0.556848
[16, 30] 0.699982
[16, 31] 0.677917
[16, 32] 0.668075
[16, 33] 0.373909
[16, 34] 0.495269
[16, 35] 0.6430250000000001
[16, 36] 0.865839
[16, 37] 0.916679
[16, 38] 0.238899
[16, 39] 0.288242
[16, 40] 0.833302
[16, 41] 0.7067540000000001
[16, 42] 0.9107910000000001
[16, 43] 1.002762
[16, 44] 0.5023660000000001
[16, 45] 0.90446
[16, 46] 0.35494800000000004
[16, 47] 0.6150930000000001
[16, 48] 1.013622
[16, 49] 0.6218380000000001
[16, 50] 0.6354890000000001
[16, 51] 0.297364
[16, 52] 0.690482
[16, 53] 0.756904
[16, 54] 0.47374700000000003
[16, 55] 0.6104480000000001
[16, 56] 0.419705
[16, 57] 0.533323
[16, 58] 0.596846
[16, 59] 0.7488469999999999
[16, 60] 0.9356220000000001
[16, 61] 0.859195
[16, 62] 0.631341
[16, 63] 1.0954620000000002
[16, 64] 0.380387
[16, 65] 0.5241429999999999
[16, 66] 1.038774
[16, 67] 0.343852
[16, 68] 0.804117
[16, 69] 0.530457
[16, 70] 0.429234
[16, 71] 0.7686719999999999
[16, 72] 0.440923
[16, 73] 1.040903
[16, 74] 0.9346570000000001
[16, 75] 0.338925
[16, 76] 0.64665
[16, 77] 0.607611
[16, 78] 0.589177
[16, 79] 1.002757
[16, 80] 0.7534230000000001
[16, 81] 0.6094750000000001
[16, 82] 0.9358540000000001
[16, 83] 0.915689
[16, 84] 0.73528
[16, 85] 0.901931
[16, 86] 0.712799
[16, 87] 0.28469099999999997
[16, 88] 0.5685450000000001
[16, 89] 0.472494
[16, 90] 0.889694
[16, 91] 0.883029
[16, 92] 1.044533
[16, 93] 0.6572840000000001
[16, 94] 0.610106
[16, 95] 0.747073
[16, 96] 0.8160120000000001
[16, 97] 1.0237479999999999
[16, 98] 0.38280600000000004
[16, 99] 0.939925
[16, 100] 0.8882239999999999
[17, 1] 0.208658
[17, 2] 0.7388399999999999
[17, 3] 1.088289
[17, 4] 0.6662859999999999
[17, 5] 1.2227649999999999
[17, 6] 0.808886
[17, 7] 0.233264
[17, 8] 0.908365
[17, 9] 1.3757860000000002
[17, 10] 0.808029
[17, 11] 0.733823
[17, 12] 1.453658
[17, 13] 0.944808
[17, 14] 1.1200910000000002
[17, 15] 0.375126
[17, 16] 0.768568
[17, 17] 1.3348369999999998
[17, 18] 0.9651900000000001
[17, 19] 1.015166
[17, 20] 1.171043
[17, 21] 1.000643
[17, 22] 1.261409
[17, 23] 1.324464
[17, 24] 0.249759
[17, 25] 1.586897
[17, 26] 0.7345679999999999
[17, 27] 0.8611089999999999
[17, 28] 0.711841
[17, 29] 1.070577
[17, 30] 1.1110130000000003
[17, 31] 0.967707
[17, 32] 1.2310660000000002
[17, 33] 0.43879
[17, 34] 0.438473
[17, 35] 0.753046
[17, 36] 1.088106
[17, 37] 1.285382
[17, 38] 0.217554
[17, 39] 0.571989
[17, 40] 0.8769129999999999
[17, 41] 1.112107
[17, 42] 1.186212
[17, 43] 0.910717
[17, 44] 0.845903
[17, 45] 1.0648430000000002
[17, 46] 0.517111
[17, 47] 0.90337
[17, 48] 1.14099
[17, 49] 1.089196
[17, 50] 0.8016639999999999
[17, 51] 0.28974
[17, 52] 0.52402
[17, 53] 1.158114
[17, 54] 0.532976
[17, 55] 0.694431
[17, 56] 0.21117600000000003
[17, 57] 0.7357429999999999
[17, 58] 1.028729
[17, 59] 0.831165
[17, 60] 0.8313900000000001
[17, 61] 1.5319639999999999
[17, 62] 0.529122
[17, 63] 1.700901
[17, 64] 0.538898
[17, 65] 0.737848
[17, 66] 1.600469
[17, 67] 1.0244849999999999
[17, 68] 1.187073
[17, 69] 1.171276
[17, 70] 0.6145480000000001
[17, 71] 0.9740880000000001
[17, 72] 0.5543990000000001
[17, 73] 1.4921039999999999
[17, 74] 1.247457
[17, 75] 0.354761
[17, 76] 1.143179
[17, 77] 0.929126
[17, 78] 0.5871730000000001
[17, 79] 1.5310149999999998
[17, 80] 0.873653
[17, 81] 1.1959979999999997
[17, 82] 1.218086
[17, 83] 1.28088
[17, 84] 0.7775330000000001
[17, 85] 1.2204989999999998
[17, 86] 1.0064
[17, 87] 0.5589630000000001
[17, 88] 0.8623959999999999
[17, 89] 0.67801
[17, 90] 1.463004
[17, 91] 1.424967
[17, 92] 0.943681
[17, 93] 0.874247
[17, 94] 0.675456
[17, 95] 1.201014
[17, 96] 1.4394710000000002
[17, 97] 0.997723
[17, 98] 0.39614900000000003
[17, 99] 1.1016620000000001
[17, 100] 1.242713
[18, 1] 0.650574
[18, 2] 1.1509260000000001
[18, 3] 1.3253499999999998
[18, 4] 0.932987
[18, 5] 1.6193309999999999
[18, 6] 1.392304
[18, 7] 0.749902
[18, 8] 1.643414
[18, 9] 1.517509
[18, 10] 1.787854
[18, 11] 1.606576
[18, 12] 2.3183219999999998
[18, 13] 1.585935
[18, 14] 1.814979
[18, 15] 1.131053
[18, 16] 0.8103980000000001
[18, 17] 0.9651900000000001
[18, 18] 2.061366
[18, 19] 1.8285219999999998
[18, 20] 1.183637
[18, 21] 1.670379
[18, 22] 1.421049
[18, 23] 1.6289120000000001
[18, 24] 0.604009
[18, 25] 1.638858
[18, 26] 1.4539959999999998
[18, 27] 0.66094
[18, 28] 1.0850589999999998
[18, 29] 1.8281219999999998
[18, 30] 1.611
[18, 31] 1.001543
[18, 32] 1.796795
[18, 33] 0.501921
[18, 34] 1.458415
[18, 35] 1.862293
[18, 36] 2.124823
[18, 37] 1.999971
[18, 38] 0.868907
[18, 39] 0.943172
[18, 40] 1.576136
[18, 41] 1.2572079999999999
[18, 42] 1.2382909999999998
[18, 43] 1.621392
[18, 44] 1.373236
[18, 45] 2.166718
[18, 46] 1.131418
[18, 47] 1.0338850000000002
[18, 48] 1.7120980000000001
[18, 49] 1.4024739999999998
[18, 50] 0.778065
[18, 51] 1.189052
[18, 52] 1.327818
[18, 53] 1.5654839999999999
[18, 54] 0.851423
[18, 55] 1.539934
[18, 56] 1.020349
[18, 57] 1.137105
[18, 58] 1.501956
[18, 59] 1.750229
[18, 60] 1.944458
[18, 61] 1.588131
[18, 62] 0.896033
[18, 63] 1.996336
[18, 64] 0.768487
[18, 65] 0.7959710000000001
[18, 66] 1.938924
[18, 67] 1.31905
[18, 68] 1.162835
[18, 69] 0.956029
[18, 70] 1.054738
[18, 71] 1.504764
[18, 72] 1.138657
[18, 73] 1.9846869999999999
[18, 74] 1.204835
[18, 75] 0.810379
[18, 76] 1.054224
[18, 77] 1.3140550000000002
[18, 78] 1.606107
[18, 79] 1.736343
[18, 80] 1.336941
[18, 81] 0.8640629999999999
[18, 82] 1.326722
[18, 83] 1.687301
[18, 84] 1.669634
[18, 85] 1.683681
[18, 86] 0.9965390000000001
