w[1] = 2.035013
w[2] = 2.436248
w[3] = 1.757665
w[4] = 2.780543
gamma = -4.368755
s[1] = 0.213314
s[2] = 0.000000
s[3] = 0.397288
s[4] = 0.099710
s[5] = 0.000000
s[6] = 0.000000
s[7] = 0.498951
s[8] = 1.029304
s[9] = 0.031395
s[10] = 0.000000
s[11] = 0.114757
s[12] = 0.000000
s[13] = 0.480881
s[14] = 0.208147
s[15] = 0.107846
s[16] = 0.000000
s[17] = 0.000000
s[18] = 0.118849
s[19] = 0.799484
s[20] = 1.245471
s[21] = 0.000000
s[22] = 0.000000
s[23] = 0.520321
s[24] = 0.000000
s[25] = 0.540238
s[26] = 0.864060
s[27] = 2.008471
s[28] = 0.000000
s[29] = 0.000000
s[30] = 0.000000
s[31] = 0.000000
s[32] = 0.000000
s[33] = 0.463398
s[34] = 0.000000
s[35] = 0.000000
s[36] = 2.364244
s[37] = 0.885798
s[38] = 0.000000
s[39] = 0.875290
s[40] = 0.000000
s[41] = 0.563114
s[42] = 0.898652
s[43] = 0.000000
s[44] = 0.089976
s[45] = 0.356246
s[46] = 0.000000
s[47] = 0.851296
s[48] = 0.709397
s[49] = 0.000000
s[50] = 0.389979
s[51] = 1.192978
s[52] = 0.000000
s[53] = 0.000000
s[54] = 0.000000
s[55] = 1.088084
s[56] = 0.537695
s[57] = 0.000000
s[58] = 0.038698
s[59] = 0.126454
s[60] = 0.078282
s[61] = 0.186100
s[62] = 3.007274
s[63] = 0.000000
s[64] = 1.000437
s[65] = 0.000000
s[66] = 0.197367
s[67] = 0.710521
s[68] = 0.448548
s[69] = 0.237174
s[70] = 0.117355
s[71] = 0.000000
s[72] = 0.415828
s[73] = 2.310563
s[74] = 0.265015
s[75] = 0.042844
s[76] = 0.910806
s[77] = 0.924951
s[78] = 1.309966
s[79] = 0.885425
s[80] = 0.000000
s[81] = 0.228572
s[82] = 0.000000
s[83] = 0.446033
s[84] = 0.019608
s[85] = 0.000000
s[86] = 0.021723
s[87] = 0.000000
s[88] = 1.184059
s[89] = 0.716807
s[90] = 0.000000
s[91] = 0.000000
s[92] = 0.000000
s[93] = 0.876902
s[94] = 0.000000
s[95] = 0.472648
s[96] = 3.008110
s[97] = 0.428596
s[98] = 1.457582
s[99] = 0.806513
s[100] = 0.695265
