param n := 100;
param d := 4;
set POINTS := 1 2 3 4 5 6 7 8 9 10 11 12 13 14 15 16 17 18 19 20 21 22 23 24 25 26 27 28 29 30 31 32 33 34 35 36 37 38 39 40 41 42 43 44 45 46 47 48 49 50 51 52 53 54 55 56 57 58 59 60 61 62 63 64 65 66 67 68 69 70 71 72 73 74 75 76 77 78 79 80 81 82 83 84 85 86 87 88 89 90 91 92 93 94 95 96 97 98 99 100;
param y :=
1 1.0
2 1.0
3 1.0
4 1.0
5 -1.0
6 -1.0
7 1.0
8 1.0
9 1.0
10 -1.0
11 1.0
12 -1.0
13 -1.0
14 1.0
15 1.0
16 1.0
17 -1.0
18 1.0
19 -1.0
20 -1.0
21 1.0
22 -1.0
23 -1.0
24 -1.0
25 1.0
26 -1.0
27 1.0
28 1.0
29 -1.0
30 1.0
31 1.0
32 -1.0
33 -1.0
34 -1.0
35 1.0
36 -1.0
37 -1.0
38 -1.0
39 -1.0
40 1.0
41 1.0
42 1.0
43 -1.0
44 -1.0
45 1.0
46 1.0
47 1.0
48 1.0
49 -1.0
50 -1.0
51 -1.0
52 1.0
53 -1.0
54 -1.0
55 1.0
56 1.0
57 1.0
58 -1.0
59 1.0
60 1.0
61 -1.0
62 -1.0
63 1.0
64 -1.0
65 -1.0
66 -1.0
67 -1.0
68 1.0
69 1.0
70 -1.0
71 1.0
72 -1.0
73 -1.0
74 1.0
75 -1.0
76 -1.0
77 1.0
78 -1.0
79 -1.0
80 -1.0
81 -1.0
82 1.0
83 -1.0
84 1.0
85 1.0
86 -1.0
87 -1.0
88 -1.0
89 -1.0
90 -1.0
91 -1.0
92 1.0
93 1.0
94 1.0
95 1.0
96 1.0
97 1.0
98 -1.0
99 1.0
100 -1.0
;
param X :=
[1, *] 0.231 0.585 0.787 0.675
[2, *] 0.714 0.839 0.165 0.887
[3, *] 0.457 0.452 0.624 0.663
[4, *] 0.43 0.67 0.312 0.796
[5, *] 0.312 0.254 0.339 0.466
[6, *] 0.32 0.653 0.11 0.041
[7, *] 0.649 0.064 0.396 0.97
[8, *] 0.69 0.202 0.637 0.476
[9, *] 0.46 0.424 0.684 0.779
[10, *] 0.885 0.046 0.23 0.089
[11, *] 0.746 0.862 0.57 0.228
[12, *] 0.221 0.109 0.807 0.113
[13, *] 0.032 0.145 0.81 0.722
[14, *] 0.276 0.848 0.242 0.758
[15, *] 0.462 0.673 0.263 0.798
[16, *] 0.446 0.57 0.438 0.904
[17, *] 0.161 0.241 0.084 0.187
[18, *] 0.841 0.768 0.27 0.429
[19, *] 0.316 0.065 0.873 0.659
[20, *] 0.975 0.341 0.016 0.637
[21, *] 0.798 0.807 0.876 0.595
[22, *] 0.417 0.486 0.186 0.251
[23, *] 0.86 0.305 0.337 0.289
[24, *] 0.709 0.553 0.122 0.131
[25, *] 0.965 0.073 0.097 0.905
[26, *] 0.612 0.948 0.354 0.02
[27, *] 0.876 0.385 0.182 0.115
[28, *] 0.174 0.855 0.644 0.73
[29, *] 0.382 0.158 0.065 0.645
[30, *] 0.377 0.758 0.073 0.997
[31, *] 0.962 0.882 0.05 0.578
[32, *] 0.349 0.039 0.51 0.225
[33, *] 0.113 0.745 0.596 0.266
[34, *] 0.416 0.091 0.479 0.31
[35, *] 0.407 0.963 0.831 0.339
[36, *] 0.782 0.827 0.968 0.153
[37, *] 0.398 0.218 0.729 0.587
[38, *] 0.449 0.008 0.205 0.1
[39, *] 0.771 0.28 0.085 0.663
[40, *] 0.268 0.954 0.941 0.835
[41, *] 0.323 0.278 0.994 0.62
[42, *] 0.879 0.604 0.576 0.071
[43, *] 0.054 0.07 0.883 0.501
[44, *] 0.873 0.226 0.503 0.089
[45, *] 0.479 0.581 0.625 0.548
[46, *] 0.87 0.878 0.614 0.592
[47, *] 0.89 0.213 0.743 0.317
[48, *] 0.588 0.685 0.989 0.02
[49, *] 0.279 0.424 0.63 0.15
[50, *] 0.387 0.743 0.64 0.013
[51, *] 0.646 0.551 0.81 0.173
[52, *] 0.385 0.558 0.784 0.779
[53, *] 0.074 0.01 0.119 0.442
[54, *] 0.226 0.075 0.756 0.356
[55, *] 0.85 0.235 0.931 0.123
[56, *] 0.969 0.134 0.313 0.713
[57, *] 0.741 0.327 0.796 0.817
[58, *] 0.553 0.205 0.981 0.021
[59, *] 0.842 0.389 0.793 0.427
[60, *] 0.996 0.227 0.275 0.801
[61, *] 0.877 0.163 0.025 0.478
[62, *] 0.995 0.771 0.328 0.682
[63, *] 0.066 0.868 0.772 0.634
[64, *] 0.048 0.39 0.632 0.795
[65, *] 0.285 0.307 0.377 0.422
[66, *] 0.816 0.327 0.604 0.017
[67, *] 0.897 0.396 0.648 0.054
[68, *] 0.132 0.522 0.409 0.957
[69, *] 0.876 0.439 0.055 0.785
[70, *] 0.198 0.616 0.209 0.437
[71, *] 0.421 0.857 0.848 0.657
[72, *] 0.008 0.034 0.817 0.809
[73, *] 0.669 0.772 0.121 0.8
[74, *] 0.168 0.921 0.716 0.453
[75, *] 0.062 0.031 0.374 0.918
[76, *] 0.094 0.232 0.742 0.798
[77, *] 0.029 0.951 0.906 0.171
[78, *] 0.195 0.387 0.525 0.869
[79, *] 0.474 0.548 0.06 0.665
[80, *] 0.268 0.062 0.121 0.286
[81, *] 0.814 0.254 0.537 0.136
[82, *] 0.997 0.733 0.35 0.419
[83, *] 0.597 0.343 0.333 0.424
[84, *] 0.311 0.886 0.245 0.765
[85, *] 0.566 0.624 0.964 0.996
[86, *] 0.584 0.255 0.844 0.035
[87, *] 0.287 0.395 0.117 0.331
[88, *] 0.301 0.436 0.519 0.707
[89, *] 0.427 0.563 0.409 0.405
[90, *] 0.062 0.523 0.122 0.385
[91, *] 0.42 0.033 0.048 0.114
[92, *] 0.722 0.611 0.706 0.96
[93, *] 0.914 0.416 0.636 0.18
[94, *] 0.245 0.684 0.486 0.845
[95, *] 0.888 0.584 0.649 0.189
[96, *] 0.574 0.261 0.187 0.082
[97, *] 0.229 0.08 0.946 0.941
[98, *] 0.589 0.772 0.108 0.56
[99, *] 0.378 0.65 0.629 0.397
[100, *] 0.274 0.626 0.273 0.54
;
param K :=
[1, 1] 1.4705800000000002
[1, 2] 1.384329
[1, 3] 1.3086
[1, 4] 1.274124
[1, 5] 0.8020050000000001
[1, 6] 0.57017
[1, 7] 1.153761
[1, 8] 1.100179
[1, 9] 1.418433
[1, 10] 0.47243
[1, 11] 1.279086
[1, 12] 0.8262
[1, 13] 1.2170370000000001
[1, 14] 1.26194
[1, 15] 1.246058
[1, 16] 1.3913820000000001
[1, 17] 0.37050900000000003
[1, 18] 1.145616
[1, 19] 1.2428970000000001
[1, 20] 0.8672770000000001
[1, 21] 1.74747
[1, 22] 0.696444
[1, 23] 0.837379
[1, 24] 0.671723
[1, 25] 0.9528340000000001
[1, 26] 0.9880499999999999
[1, 27] 0.64844
[1, 28] 1.539947
[1, 29] 0.6672020000000001
[1, 30] 1.2609430000000001
[1, 31] 1.167692
[1, 32] 0.656679
[1, 33] 1.11053
[1, 34] 0.735554
[1, 35] 1.540194
[1, 36] 1.529528
[1, 37] 1.189416
[1, 38] 0.33723400000000003
[1, 39] 0.856321
[1, 40] 1.92419
[1, 41] 1.4380210000000002
[1, 42] 1.057626
[1, 43] 1.0865200000000002
[1, 44] 0.7898090000000001
[1, 45] 1.312309
[1, 46] 1.597418
[1, 47] 1.128911
[1, 48] 1.3283960000000001
[1, 49] 0.9095489999999999
[1, 50] 1.036507
[1, 51] 1.2258060000000002
[1, 52] 1.558198
[1, 53] 0.414947
[1, 54] 0.931353
[1, 55] 1.1495469999999999
[1, 56] 1.029835
[1, 57] 1.5403930000000001
[1, 58] 1.03389
[1, 59] 1.334383
[1, 60] 1.119971
[1, 61] 0.640267
[1, 62] 1.399366
[1, 63] 1.55854
[1, 64] 1.273247
[1, 65] 0.826979
[1, 66] 0.866614
[1, 67] 0.985293
[1, 68] 1.30372
[1, 69] 1.032331
[1, 70] 0.865556
[1, 71] 1.7094470000000002
[1, 72] 1.210792
[1, 73] 1.241386
[1, 74] 1.4468600000000003
[1, 75] 0.9464450000000001
[1, 76] 1.280038
[1, 77] 1.3914810000000002
[1, 78] 1.27119
[1, 79] 0.926169
[1, 80] 0.386455
[1, 81] 0.851043
[1, 82] 1.217387
[1, 83] 0.8868330000000001
[1, 84] 1.299341
[1, 85] 1.926754
[1, 86] 0.971932
[1, 87] 0.612876
[1, 88] 1.210269
[1, 89] 1.02325
[1, 90] 0.676166
[1, 91] 0.231051
[1, 92] 1.727839
[1, 93] 1.076526
[1, 94] 1.409592
[1, 95] 1.185106
[1, 96] 0.487798
[1, 97] 1.479376
[1, 98] 1.050675
[1, 99] 1.230566
[1, 100] 1.008855
[2, 1] 1.384329
[2, 2] 2.027711
[2, 3] 1.3965670000000001
[2, 4] 1.626682
[2, 5] 0.905151
[2, 6] 0.830864
[2, 7] 1.442812
[2, 8] 1.189455
[2, 9] 1.488009
[2, 10] 0.787377
[2, 11] 1.552148
[2, 12] 0.48263100000000003
[2, 13] 0.918567
[2, 14] 1.6208120000000001
[2, 15] 1.645736
[2, 16] 1.670792
[2, 17] 0.49688199999999993
[2, 18] 1.669899
[2, 19] 1.008737
[2, 20] 1.5499079999999998
[2, 21] 1.9191500000000001
[2, 22] 0.9588189999999999
[2, 23] 1.1818829999999998
[2, 24] 1.10652
[2, 25] 1.568997
[2, 26] 1.3084900000000002
[2, 27] 1.080514
[2, 28] 1.595351
[2, 29] 0.98815
[2, 30] 1.801524
[2, 31] 1.947802
[2, 32] 0.565632
[2, 33] 1.040019
[2, 34] 0.727378
[2, 35] 1.5363630000000001
[2, 36] 1.547632
[2, 37] 1.108028
[2, 38] 0.449823
[2, 39] 1.38752
[2, 40] 1.887668
[2, 41] 1.1778140000000001
[2, 42] 1.292379
[2, 43] 0.687368
[2, 44] 0.9748739999999999
[2, 45] 1.418666
[2, 46] 1.9842359999999999
[2, 47] 1.217941
[2, 48] 1.175472
[2, 49] 0.791942
[2, 50] 1.016826
[2, 51] 1.210634
[2, 52] 1.563385
[2, 53] 0.47291500000000003
[2, 54] 0.664801
[2, 55] 1.066781
[2, 56] 1.4883680000000001
[2, 57] 1.659446
[2, 58] 0.747329
[2, 59] 1.437153
[2, 60] 1.657459
[2, 61] 1.191046
[2, 62] 2.016353
[2, 63] 1.465114
[2, 64] 1.170927
[2, 65] 0.897582
[2, 66] 0.9717159999999998
[2, 67] 1.1275199999999999
[2, 68] 1.44855
[2, 69] 1.6991550000000002
[2, 70] 1.0803
[2, 71] 1.742296
[2, 72] 0.886626
[2, 73] 1.854939
[2, 74] 1.4126219999999998
[2, 75] 0.946253
[2, 76] 1.09202
[2, 77] 1.119762
[2, 78] 1.321351
[2, 79] 1.397963
[2, 80] 0.517017
[2, 81] 1.003539
[2, 82] 1.756248
[2, 83] 1.145068
[2, 84] 1.684388
[2, 85] 1.9701719999999998
[2, 86] 0.801226
[2, 87] 0.849225
[2, 88] 1.293462
[2, 89] 1.2039549999999999
[2, 90] 0.84469
[2, 91] 0.43660499999999997
[2, 92] 1.996147
[2, 93] 1.26622
[2, 94] 1.578511
[2, 95] 1.398736
[2, 96] 0.7324039999999998
[2, 97] 1.2213829999999999
[2, 98] 1.582794
[2, 99] 1.271166
[2, 100] 1.244875
[3, 1] 1.3086
[3, 2] 1.3965670000000001
[3, 3] 1.242098
[3, 4] 1.221786
[3, 5] 0.7778860000000001
[3, 6] 0.537219
[3, 7] 1.215735
[3, 8] 1.11971
[3, 9] 1.345161
[3, 10] 0.627764
[3, 11] 1.23739
[3, 12] 0.728752
[3, 13] 1.06429
[3, 14] 1.16299
[3, 15] 1.2085160000000001
[3, 16] 1.3341260000000001
[3, 17] 0.358906
[3, 18] 1.18438
[3, 19] 1.155461
[3, 20] 1.032022
[3, 21] 1.6705590000000001
[3, 22] 0.692718
[3, 23] 0.932775
[3, 24] 0.73695
[3, 25] 1.134544
[3, 26] 0.9423360000000001
[3, 27] 0.7641650000000001
[3, 28] 1.351824
[3, 29] 0.7141850000000001
[3, 30] 1.2214680000000002
[3, 31] 1.252712
[3, 32] 0.644536
[3, 33] 0.936643
[3, 34] 0.7356699999999999
[3, 35] 1.364576
[3, 36] 1.436649
[3, 37] 1.124499
[3, 38] 0.403029
[3, 39] 0.9715160000000002
[3, 40] 1.694473
[3, 41] 1.304583
[3, 42] 1.081208
[3, 43] 0.939473
[3, 44] 0.8739920000000001
[3, 45] 1.234839
[3, 46] 1.5700779999999999
[3, 47] 1.1768090000000002
[3, 48] 1.2087320000000001
[3, 49] 0.811721
[3, 50] 0.9206740000000001
[3, 51] 1.1644130000000001
[3, 52] 1.4338540000000002
[3, 53] 0.40564
[3, 54] 0.8449540000000001
[3, 55] 1.1571630000000002
[3, 56] 1.171432
[3, 57] 1.524816
[3, 58] 0.9714480000000001
[3, 59] 1.3385550000000002
[3, 60] 1.260439
[3, 61] 0.806979
[3, 62] 1.460045
[3, 63] 1.324568
[3, 64] 1.119669
[3, 65] 0.7840429999999999
[3, 66] 0.908883
[3, 67] 1.0290750000000002
[3, 68] 1.185975
[3, 69] 1.1535350000000002
[3, 70] 0.789065
[3, 71] 1.544504
[3, 72] 1.065199
[3, 73] 1.2605810000000002
[3, 74] 1.240191
[3, 75] 0.884356
[3, 76] 1.139904
[3, 77] 1.1218219999999999
[3, 78] 1.167786
[3, 79] 0.9426490000000001
[3, 80] 0.415622
[3, 81] 0.912062
[3, 82] 1.283142
[3, 83] 0.9167690000000001
[3, 84] 1.202674
[3, 85] 1.802594
[3, 86] 0.9320090000000001
[3, 87] 0.60216
[3, 88] 1.127226
[3, 89] 0.973346
[3, 90] 0.596113
[3, 91] 0.31239
[3, 92] 1.68315
[3, 93] 1.121934
[3, 94] 1.284632
[3, 95] 1.2000670000000002
[3, 96] 0.5513440000000001
[3, 97] 1.355
[3, 98] 1.056789
[3, 99] 1.122253
[3, 100] 0.9365420000000001
[4, 1] 1.274124
[4, 2] 1.626682
[4, 3] 1.221786
[4, 4] 1.36476
[4, 5] 0.7810440000000001
[4, 6] 0.642066
[4, 7] 1.217622
[4, 8] 1.00968
[4, 9] 1.315372
[4, 10] 0.553974
[4, 11] 1.257648
[4, 12] 0.509792
[4, 13] 0.938342
[4, 14] 1.365712
[4, 15] 1.366834
[4, 16] 1.42992
[4, 17] 0.40576
[4, 18] 1.301914
[4, 19] 0.9763700000000001
[4, 20] 1.159764
[4, 21] 1.630762
[4, 22] 0.7627579999999999
[4, 23] 0.909338
[4, 24] 0.81772
[4, 25] 1.214504
[4, 26] 1.024688
[4, 27] 0.7829539999999999
[4, 28] 1.429678
[4, 29] 0.80382
[4, 30] 1.486358
[4, 31] 1.480288
[4, 32] 0.51442
[4, 33] 0.945428
[4, 34] 0.636058
[4, 35] 1.349336
[4, 36] 1.314154
[4, 37] 1.0119
[4, 38] 0.34199
[4, 39] 1.073398
[4, 40] 1.712672
[4, 41] 1.128798
[4, 42] 1.018878
[4, 43] 0.744412
[4, 44] 0.75459
[4, 45] 1.226448
[4, 46] 1.6251600000000002
[4, 47] 1.0095580000000002
[4, 48] 1.036278
[4, 49] 0.7200099999999999
[4, 50] 0.874248
[4, 51] 1.0373780000000001
[4, 52] 1.4041020000000002
[4, 53] 0.42748
[4, 54] 0.666678
[4, 55] 0.9113300000000001
[4, 56] 1.171654
[4, 57] 1.436404
[4, 58] 0.697928
[4, 59] 1.209998
[4, 60] 1.3037660000000002
[4, 61] 0.874608
[4, 62] 1.589628
[4, 63] 1.3554680000000001
[4, 64] 1.111944
[4, 65] 0.781776
[4, 66] 0.7719499999999999
[4, 67] 0.89619
[4, 68] 1.2958800000000001
[4, 69] 1.31283
[4, 70] 0.9109200000000001
[4, 71] 1.542768
[4, 72] 0.925088
[4, 73] 1.4794620000000003
[4, 74] 1.2732900000000003
[4, 75] 0.894846
[4, 76] 1.062572
[4, 77] 1.0684280000000002
[4, 78] 1.1986640000000002
[4, 79] 1.11904
[4, 80] 0.422188
[4, 81] 0.796
[4, 82] 1.362544
[4, 83] 0.9279200000000001
[4, 84] 1.41273
[4, 85] 1.755044
[4, 86] 0.713158
[4, 87] 0.68804
[4, 88] 1.14625
[4, 89] 1.010808
[4, 90] 0.7215940000000001
[4, 91] 0.30843
[4, 92] 1.704262
[4, 93] 1.013452
[4, 94] 1.387882
[4, 95] 1.126052
[4, 96] 0.5453060000000001
[4, 97] 1.196258
[4, 98] 1.2499660000000001
[4, 99] 1.1103
[4, 100] 1.052256
[5, 1] 0.8020050000000001
[5, 2] 0.905151
[5, 3] 0.7778860000000001
[5, 4] 0.7810440000000001
[5, 5] 0.493937
[5, 6] 0.322098
[5, 7] 0.8050080000000001
[5, 8] 0.704347
[5, 9] 0.846106
[5, 10] 0.407248
[5, 11] 0.751178
[5, 12] 0.422869
[5, 13] 0.657856
[5, 14] 0.73677
[5, 15] 0.7761110000000001
[5, 16] 0.853678
[5, 17] 0.22706400000000002
[5, 18] 0.7489080000000001
[5, 19] 0.718143
[5, 20] 0.69308
[5, 21] 1.028188
[5, 22] 0.433568
[5, 23] 0.594707
[5, 24] 0.464074
[5, 25] 0.774235
[5, 26] 0.5610620000000001
[5, 27] 0.48639
[5, 28] 0.829954
[5, 29] 0.481921
[5, 30] 0.799505
[5, 31] 0.81047
[5, 32] 0.396534
[5, 33] 0.550486
[5, 34] 0.459747
[5, 35] 0.811269
[5, 36] 0.853492
[5, 37] 0.700221
[5, 38] 0.25821500000000003
[5, 39] 0.649445
[5, 40] 1.034041
[5, 41] 0.7972740000000001
[5, 42] 0.656014
[5, 43] 0.567431
[5, 44] 0.541771
[5, 45] 0.7642650000000001
[5, 46] 0.9784700000000001
[5, 47] 0.731381
[5, 48] 0.702037
[5, 49] 0.47821400000000003
[5, 50] 0.5324840000000001
[5, 51] 0.696714
[5, 52] 0.8906420000000002
[5, 53] 0.271941
[5, 54] 0.511742
[5, 55] 0.697817
[5, 56] 0.774729
[5, 57] 0.9648160000000001
[5, 58] 0.566951
[5, 59] 0.829319
[5, 60] 0.834901
[5, 61] 0.546249
[5, 62] 0.935278
[5, 63] 0.798216
[5, 64] 0.6987540000000001
[5, 65] 0.491353
[5, 66] 0.550328
[5, 67] 0.625284
[5, 68] 0.758385
[5, 69] 0.7692730000000001
[5, 70] 0.49273300000000003
[5, 71] 0.9426640000000001
[5, 72] 0.665089
[5, 73] 0.8186350000000001
[5, 74] 0.740172
[5, 75] 0.5817920000000001
[5, 76] 0.7116620000000001
[5, 77] 0.637422
[5, 78] 0.742067
[5, 79] 0.61731
[5, 80] 0.273659
[5, 81] 0.563903
[5, 82] 0.81115
[5, 83] 0.5838570000000001
[5, 84] 0.761621
[5, 85] 1.12602
[5, 86] 0.549404
[5, 87] 0.38378300000000004
[5, 88] 0.710059
[5, 89] 0.603607
[5, 90] 0.372954
[5, 91] 0.208818
[5, 92] 1.067152
[5, 93] 0.690316
[5, 94] 0.8087000000000001
[5, 95] 0.733477
[5, 96] 0.346987
[5, 97] 0.850968
[5, 98] 0.677428
[5, 99] 0.681269
[5, 100] 0.5886790000000001
[6, 1] 0.57017
[6, 2] 0.830864
[6, 3] 0.537219
[6, 4] 0.642066
[6, 5] 0.322098
[6, 6] 0.5425900000000001
[6, 7] 0.33280200000000004
[6, 8] 0.442292
[6, 9] 0.531251
[6, 10] 0.342187
[6, 11] 0.873654
[6, 12] 0.2353
[6, 13] 0.223627
[6, 14] 0.699762
[6, 15] 0.6489570000000001
[6, 16] 0.600174
[6, 17] 0.2258
[6, 18] 0.8179129999999999
[6, 19] 0.266614
[6, 20] 0.5625500000000001
[6, 21] 0.903086
[6, 22] 0.481549
[6, 23] 0.523284
[6, 24] 0.6067800000000001
[6, 25] 0.40424400000000005
[6, 26] 0.8546440000000001
[6, 27] 0.5564600000000001
[6, 28] 0.714765
[6, 29] 0.259009
[6, 30] 0.664521
[6, 31] 0.912984
[6, 32] 0.202472
[6, 33] 0.599111
[6, 34] 0.257943
[6, 35] 0.8643879999999999
[6, 36] 0.903024
[6, 37] 0.373971
[6, 38] 0.175554
[6, 39] 0.4660930000000001
[6, 40] 0.846467
[6, 41] 0.419654
[6, 42] 0.741963
[6, 43] 0.18066100000000002
[6, 44] 0.485917
[6, 45] 0.623891
[6, 46] 0.943546
[6, 47] 0.5186160000000001
[6, 48] 0.7450750000000002
[6, 49] 0.44160200000000005
[6, 50] 0.679952
[6, 51] 0.6627160000000001
[6, 52] 0.6057530000000001
[6, 53] 0.061422
[6, 54] 0.21905100000000002
[6, 55] 0.532908
[6, 56] 0.46124500000000007
[6, 57] 0.571708
[6, 58] 0.419596
[6, 59] 0.6281940000000001
[6, 60] 0.530042
[6, 61] 0.409427
[6, 62] 0.885905
[6, 63] 0.698838
[6, 64] 0.372145
[6, 65] 0.350443
[6, 66] 0.5417879999999999
[6, 67] 0.6191220000000001
[6, 68] 0.467333
[6, 69] 0.605222
[6, 70] 0.506515
[6, 71] 0.814558
[6, 72] 0.147801
[6, 73] 0.7643060000000002
[6, 74] 0.752506
[6, 75] 0.11886100000000001
[6, 76] 0.29591400000000007
[6, 77] 0.736954
[6, 78] 0.4084900000000001
[6, 79] 0.5433890000000001
[6, 80] 0.15128199999999997
[6, 81] 0.49098800000000004
[6, 82] 0.853368
[6, 83] 0.46903300000000003
[6, 84] 0.7363930000000001
[6, 85] 0.735468
[6, 86] 0.44767
[6, 87] 0.376216
[6, 88] 0.46710500000000005
[6, 89] 0.565874
[6, 90] 0.390564
[6, 91] 0.16590300000000002
[6, 92] 0.7470429999999999
[6, 93] 0.641468
[6, 94] 0.6131570000000001
[6, 95] 0.744651
[6, 96] 0.37804499999999996
[6, 97] 0.268161
[6, 98] 0.727436
[6, 99] 0.630877
[6, 100] 0.5486280000000001
[7, 1] 1.153761
[7, 2] 1.442812
[7, 3] 1.215735
[7, 4] 1.217622
[7, 5] 0.8050080000000001
[7, 6] 0.33280200000000004
[7, 7] 1.523013
[7, 8] 1.17471
[7, 9] 1.35217
[7, 10] 0.754719
[7, 11] 0.9862020000000001
[7, 12] 0.5795870000000001
[7, 13] 1.051148
[7, 14] 1.064488
[7, 15] 1.2211180000000001
[7, 16] 1.376262
[7, 17] 0.334567
[7, 18] 1.1180109999999999
[7, 19] 1.194182
[7, 20] 1.2788249999999999
[7, 21] 1.4935960000000001
[7, 22] 0.618863
[7, 23] 0.9914419999999999
[7, 24] 0.6709149999999999
[7, 25] 1.547219
[7, 26] 0.617444
[7, 27] 0.7767860000000001
[7, 28] 1.13077
[7, 29] 0.90942
[7, 30] 1.289183
[7, 31] 1.261246
[7, 32] 0.649207
[7, 33] 0.615053
[7, 34] 0.766192
[7, 35] 0.9836810000000001
[7, 36] 1.092184
[7, 37] 1.130328
[7, 38] 0.470093
[7, 39] 1.1950690000000002
[7, 40] 1.417574
[7, 41] 1.222443
[7, 42] 0.906093
[7, 43] 0.875164
[7, 44] 0.8665590000000001
[7, 45] 1.127115
[7, 46] 1.4382059999999999
[7, 47] 1.19296
[7, 48] 0.836496
[7, 49] 0.603187
[7, 50] 0.5647650000000001
[7, 51] 0.943088
[7, 52] 1.351671
[7, 53] 0.5245299999999999
[7, 54] 0.79617
[7, 55] 1.054676
[7, 56] 1.4530150000000002
[7, 57] 1.609543
[7, 58] 0.7808630000000001
[7, 59] 1.2995720000000002
[7, 60] 1.546802
[7, 61] 1.0531650000000001
[7, 62] 1.4865270000000002
[7, 63] 1.019078
[7, 64] 1.077534
[7, 65] 0.763245
[7, 66] 0.8061859999999998
[7, 67] 0.9164850000000001
[7, 68] 1.20933
[7, 69] 1.37985
[7, 70] 0.67458
[7, 71] 1.301175
[7, 72] 1.11563
[7, 73] 1.307505
[7, 74] 0.890922
[7, 75] 1.080786
[7, 76] 1.143746
[7, 77] 0.6043310000000001
[7, 78] 1.202153
[7, 79] 1.011508
[7, 80] 0.503236
[7, 81] 0.8891140000000002
[7, 82] 1.2389949999999998
[7, 83] 0.952553
[7, 84] 1.097613
[7, 85] 1.755134
[7, 86] 0.76351
[7, 87] 0.5789449999999999
[7, 88] 1.1145669999999999
[7, 89] 0.867969
[7, 90] 0.495472
[7, 91] 0.40428000000000003
[7, 92] 1.718458
[7, 93] 1.046266
[7, 94] 1.214887
[7, 95] 1.054022
[7, 96] 0.542822
[7, 97] 1.4411269999999998
[7, 98] 1.0176370000000001
[7, 99] 0.921096
[7, 100] 0.849798
[8, 1] 1.100179
[8, 2] 1.189455
[8, 3] 1.11971
[8, 4] 1.00968
[8, 5] 0.704347
[8, 6] 0.442292
[8, 7] 1.17471
[8, 8] 1.149249
[8, 9] 1.20956
[8, 10] 0.8088159999999999
[8, 11] 1.160482
[8, 12] 0.742355
[8, 13] 0.911012
[8, 14] 0.876698
[8, 15] 1.002105
[8, 16] 1.13219
[8, 17] 0.302292
[8, 18] 1.11162
[8, 19] 1.100955
[8, 20] 1.0550359999999999
[8, 21] 1.554866
[8, 22] 0.62386
[8, 23] 1.0072429999999999
[8, 24] 0.7409859999999998
[8, 25] 1.173165
[8, 26] 0.8487939999999999
[8, 27] 0.852884
[8, 28] 1.050478
[8, 29] 0.643921
[8, 30] 0.934319
[8, 31] 1.148922
[8, 32] 0.680658
[8, 33] 0.7347279999999999
[8, 34] 0.758105
[8, 35] 1.166067
[8, 36] 1.396078
[8, 37] 1.062441
[8, 38] 0.48961099999999996
[8, 39] 0.958283
[8, 40] 1.3745049999999999
[8, 41] 1.207324
[8, 42] 1.1292259999999998
[8, 43] 0.8523470000000001
[8, 44] 1.010797
[8, 45] 1.106845
[8, 46] 1.450566
[8, 47] 1.281309
[8, 48] 1.183603
[8, 49] 0.7508680000000001
[8, 50] 0.830984
[8, 51] 1.1553600000000002
[8, 52] 1.248578
[8, 53] 0.339275
[8, 54] 0.8221179999999999
[8, 55] 1.285565
[8, 56] 1.2344469999999998
[8, 57] 1.473288
[8, 58] 1.0578729999999998
[8, 59] 1.367951
[8, 60] 1.289545
[8, 61] 0.8815089999999999
[8, 62] 1.37586
[8, 63] 1.014424
[8, 64] 0.892904
[8, 65] 0.6996849999999999
[8, 66] 1.021934
[8, 67] 1.137402
[8, 68] 0.912589
[8, 69] 1.1018130000000002
[8, 70] 0.602197
[8, 71] 1.316512
[8, 72] 0.917901
[8, 73] 1.0754309999999998
[8, 74] 0.973682
[8, 75] 0.724248
[8, 76] 0.9642259999999999
[8, 77] 0.87063
[8, 78] 0.960793
[8, 79] 0.792516
[8, 80] 0.410657
[8, 81] 1.019773
[8, 82] 1.25839
[8, 83] 0.895161
[8, 84] 0.913767
[8, 85] 1.604752
[8, 86] 1.0087579999999998
[8, 87] 0.5099049999999999
[8, 88] 0.9628969999999999
[8, 89] 0.8616689999999999
[8, 90] 0.4094
[8, 91] 0.3813059999999999
[8, 92] 1.528284
[8, 93] 1.205504
[8, 94] 1.01902
[8, 95] 1.2340649999999997
[8, 96] 0.6069329999999998
[8, 97] 1.224688
[8, 98] 0.8977099999999999
[8, 99] 0.9817650000000001
[8, 100] 0.746453
[9, 1] 1.418433
[9, 2] 1.488009
[9, 3] 1.345161
[9, 4] 1.315372
[9, 5] 0.846106
[9, 6] 0.531251
[9, 7] 1.35217
[9, 8] 1.20956
[9, 9] 1.4660730000000002
[9, 10] 0.6532550000000001
[9, 11] 1.27614
[9, 12] 0.787891
[9, 13] 1.1926780000000001
[9, 14] 1.242522
[9, 15] 1.299406
[9, 16] 1.450648
[9, 17] 0.379373
[9, 18] 1.231363
[9, 19] 1.2834130000000001
[9, 20] 1.100251
[9, 21] 1.771937
[9, 22] 0.720637
[9, 23] 0.9805590000000001
[9, 24] 0.746109
[9, 25] 1.2461950000000002
[9, 26] 0.941188
[9, 27] 0.7802730000000001
[9, 28] 1.451726
[9, 29] 0.7896270000000001
[9, 30] 1.321407
[9, 31] 1.30095
[9, 32] 0.701191
[9, 33] 0.982738
[9, 34] 0.7990700000000001
[9, 35] 1.4280169999999999
[9, 36] 1.4916669999999999
[9, 37] 1.231421
[9, 38] 0.42805200000000004
[9, 39] 1.047997
[9, 40] 1.8218850000000002
[9, 41] 1.4293280000000002
[9, 42] 1.109729
[9, 43] 1.0487710000000001
[9, 44] 0.9107870000000001
[9, 45] 1.321076
[9, 46] 1.653616
[9, 47] 1.254867
[9, 48] 1.2529759999999999
[9, 49] 0.855886
[9, 50] 0.9409390000000001
[9, 51] 1.219591
[9, 52] 1.556789
[9, 53] 0.463994
[9, 54] 0.9301880000000001
[9, 55] 1.2232610000000002
[9, 56] 1.272075
[9, 57] 1.660415
[9, 58] 1.028663
[9, 59] 1.427301
[9, 60] 1.366487
[9, 61] 0.861994
[9, 62] 1.540234
[9, 63] 1.420326
[9, 64] 1.239033
[9, 65] 0.847874
[9, 66] 0.9403870000000001
[9, 67] 1.065822
[9, 68] 1.307307
[9, 69] 1.238231
[9, 70] 0.835643
[9, 71] 1.648863
[9, 72] 1.207135
[9, 73] 1.341032
[9, 74] 1.310415
[9, 75] 1.012602
[9, 76] 1.2707780000000002
[9, 77] 1.1694769999999999
[9, 78] 1.2898390000000002
[9, 79] 1.0094670000000001
[9, 80] 0.455126
[9, 81] 0.9553880000000001
[9, 82] 1.335213
[9, 83] 0.97812
[9, 84] 1.2822390000000001
[9, 85] 1.960196
[9, 86] 0.981321
[9, 87] 0.637377
[9, 88] 1.229073
[9, 89] 1.030383
[9, 90] 0.6336350000000001
[9, 91] 0.32883
[9, 92] 1.8219280000000002
[9, 93] 1.172068
[9, 94] 1.393395
[9, 95] 1.247243
[9, 96] 0.5664899999999999
[9, 97] 1.519363
[9, 98] 1.1083800000000001
[9, 99] 1.188979
[9, 100] 0.9988560000000001
[10, 1] 0.47243
[10, 2] 0.787377
[10, 3] 0.627764
[10, 4] 0.553974
[10, 5] 0.407248
[10, 6] 0.342187
[10, 7] 0.754719
[10, 8] 0.8088159999999999
[10, 9] 0.6532550000000001
[10, 10] 0.8461620000000001
[10, 11] 0.851254
[10, 12] 0.396266
[10, 13] 0.285548
[10, 14] 0.40639000000000003
[10, 15] 0.5713400000000001
[10, 16] 0.602126
[10, 17] 0.189534
[10, 18] 0.8798940000000001
[10, 19] 0.542091
[10, 20] 0.9389339999999999
[10, 21] 0.997787
[10, 22] 0.45652
[10, 23] 0.878361
[10, 24] 0.6926219999999998
[10, 25] 0.960238
[10, 26] 0.668428
[10, 27] 0.8450650000000001
[10, 28] 0.40641
[10, 29] 0.417693
[10, 30] 0.47403600000000007
[10, 31] 0.954884
[10, 32] 0.44798400000000005
[10, 33] 0.295029
[10, 34] 0.510106
[10, 35] 0.625794
[10, 36] 0.966369
[10, 37] 0.5821710000000001
[10, 38] 0.45378300000000005
[10, 39] 0.773772
[10, 40] 0.571809
[10, 41] 0.582443
[10, 42] 0.9444980000000001
[10, 43] 0.298689
[10, 44] 0.9066119999999999
[10, 45] 0.643163
[10, 46] 1.004246
[10, 47] 0.9965510000000001
[10, 48] 0.7811400000000001
[10, 49] 0.424669
[10, 50] 0.52503
[10, 51] 0.798753
[10, 52] 0.616044
[10, 53] 0.132658
[10, 54] 0.40902400000000005
[10, 55] 0.988137
[10, 56] 0.999176
[10, 57] 0.92662
[10, 58] 0.726334
[10, 59] 0.983457
[10, 60] 1.026441
[10, 61] 0.831935
[10, 62] 1.052179
[10, 63] 0.332324
[10, 64] 0.27653500000000003
[10, 65] 0.390615
[10, 66] 0.8776349999999999
[10, 67] 0.9659070000000001
[10, 68] 0.320075
[10, 69] 0.8779690000000001
[10, 70] 0.290529
[10, 71] 0.66552
[10, 72] 0.268555
[10, 73] 0.7266070000000001
[10, 74] 0.39604300000000003
[10, 75] 0.224018
[10, 76] 0.33554399999999995
[10, 77] 0.29301
[10, 78] 0.38846800000000004
[10, 79] 0.517683
[10, 80] 0.293316
[10, 81] 0.867688
[10, 82] 1.033854
[10, 83] 0.658449
[10, 84] 0.44042600000000004
[10, 85] 0.8399779999999999
[10, 86] 0.7258049999999999
[10, 87] 0.328534
[10, 88] 0.46873400000000004
[10, 89] 0.5339079999999999
[10, 90] 0.141253
[10, 91] 0.394404
[10, 92] 0.9148959999999999
[10, 93] 0.990326
[10, 94] 0.43527399999999994
[10, 95] 0.978835
[10, 96] 0.5703039999999999
[10, 97] 0.507674
[10, 98] 0.6314569999999999
[10, 99] 0.544433
[10, 100] 0.38213600000000003
[11, 1] 1.279086
[11, 2] 1.552148
[11, 3] 1.23739
[11, 4] 1.257648
[11, 5] 0.751178
[11, 6] 0.873654
[11, 7] 0.9862020000000001
[11, 8] 1.160482
[11, 9] 1.27614
[11, 10] 0.851254
[11, 11] 1.676444
[11, 12] 0.744578
[11, 13] 0.7751779999999999
[11, 14] 1.2476360000000002
[11, 15] 1.2566320000000002
[11, 16] 1.279828
[11, 17] 0.41836399999999996
[11, 18] 1.5411139999999999
[11, 19] 0.939628
[11, 20] 1.1756479999999998
[11, 21] 1.925922
[11, 22] 0.893262
[11, 23] 1.162452
[11, 24] 1.105008
[11, 25] 1.044446
[11, 26] 1.480068
[11, 27] 1.1153259999999998
[11, 28] 1.400334
[11, 29] 0.605278
[11, 30] 1.203564
[11, 31] 1.6382199999999998
[11, 32] 0.635972
[11, 33] 1.126856
[11, 34] 0.7324879999999999
[11, 35] 1.68469
[11, 36] 1.88289
[11, 37] 1.03419
[11, 38] 0.48150000000000004
[11, 39] 1.01614
[11, 40] 1.749026
[11, 41] 1.188534
[11, 42] 1.52089
[11, 43] 0.718162
[11, 44] 1.1530719999999999
[11, 45] 1.3393499999999998
[11, 46] 1.890812
[11, 47] 1.343332
[11, 48] 1.5974079999999997
[11, 49] 0.966922
[11, 50] 1.296932
[11, 51] 1.458022
[11, 52] 1.3926980000000002
[11, 53] 0.23243
[11, 54] 0.7453339999999999
[11, 55] 1.395384
[11, 56] 1.179356
[11, 57] 1.4746559999999997
[11, 58] 1.153206
[11, 59] 1.512816
[11, 60] 1.278068
[11, 61] 0.917982
[11, 62] 1.749328
[11, 63] 1.3820439999999998
[11, 64] 0.913488
[11, 65] 0.78835
[11, 66] 1.2387659999999998
[11, 67] 1.3921860000000001
[11, 68] 0.9997619999999999
[11, 69] 1.242244
[11, 70] 0.897466
[11, 71] 1.685956
[11, 72] 0.685418
[11, 73] 1.4159080000000002
[11, 74] 1.430634
[11, 75] 0.49545799999999995
[11, 76] 0.874992
[11, 77] 1.396804
[11, 78] 0.976446
[11, 79] 1.0118
[11, 80] 0.38755
[11, 81] 1.16329
[11, 82] 1.67064
[11, 83] 1.0275100000000001
[11, 84] 1.309808
[11, 85] 1.736692
[11, 86] 1.144534
[11, 87] 0.69675
[11, 88] 1.057404
[11, 89] 1.129318
[11, 90] 0.654398
[11, 91] 0.395118
[11, 92] 1.686594
[11, 93] 1.4439959999999998
[11, 94] 1.242058
[11, 95] 1.5788779999999998
[11, 96] 0.7784719999999999
[11, 97] 0.993562
[11, 98] 1.294098
[11, 99] 1.291334
[11, 100] 1.0227460000000002
[12, 1] 0.8262
[12, 2] 0.48263100000000003
[12, 3] 0.728752
[12, 4] 0.509792
[12, 5] 0.422869
[12, 6] 0.2353
[12, 7] 0.5795870000000001
[12, 8] 0.742355
[12, 9] 0.787891
[12, 10] 0.396266
[12, 11] 0.744578
[12, 12] 0.7247400000000002
[12, 13] 0.7581330000000002
[12, 14] 0.43437600000000004
[12, 15] 0.4778740000000001
[12, 16] 0.616314
[12, 17] 0.15076900000000001
[12, 18] 0.5359400000000001
[12, 19] 0.8558990000000001
[12, 20] 0.337537
[12, 21] 1.038488
[12, 22] 0.32359600000000005
[12, 23] 0.5279210000000001
[12, 24] 0.330223
[12, 25] 0.40176599999999996
[12, 26] 0.526522
[12, 27] 0.39543
[12, 28] 0.733847
[12, 29] 0.22698400000000002
[12, 30] 0.337511
[12, 31] 0.41440399999999994
[12, 32] 0.518375
[12, 33] 0.617208
[12, 34] 0.523438
[12, 35] 0.903838
[12, 36] 1.06143
[12, 37] 0.7663540000000001
[12, 38] 0.27683599999999997
[12, 39] 0.34442500000000004
[12, 40] 1.016956
[12, 41] 0.9739030000000001
[12, 42] 0.73295
[12, 43] 0.7887580000000001
[12, 44] 0.633545
[12, 45] 0.735487
[12, 46] 0.850366
[12, 47] 0.855329
[12, 48] 1.004996
[12, 49] 0.6332350000000001
[12, 50] 0.684463
[12, 51] 0.8760440000000002
[12, 52] 0.866622
[12, 53] 0.163423
[12, 54] 0.7084410000000001
[12, 55] 0.978681
[12, 56] 0.561915
[12, 57] 0.9340970000000001
[12, 58] 0.938598
[12, 59] 0.9166850000000001
[12, 60] 0.557297
[12, 61] 0.285773
[12, 62] 0.6456959999999999
[12, 63] 0.803844
[12, 64] 0.652977
[12, 65] 0.448373
[12, 66] 0.705328
[12, 67] 0.7704390000000001
[12, 68] 0.524274
[12, 69] 0.37453699999999995
[12, 70] 0.328946
[12, 71] 0.9450310000000001
[12, 72] 0.7562099999999999
[12, 73] 0.420044
[12, 74] 0.766518
[12, 75] 0.42263300000000004
[12, 76] 0.73503
[12, 77] 0.860533
[12, 78] 0.6071500000000001
[12, 79] 0.288051
[12, 80] 0.195951
[12, 81] 0.6563070000000001
[12, 82] 0.630031
[12, 83] 0.48596700000000004
[12, 84] 0.449465
[12, 85] 1.083598
[12, 86] 0.8419220000000001
[12, 87] 0.238304
[12, 88] 0.6127690000000001
[12, 89] 0.531562
[12, 90] 0.21266800000000002
[12, 91] 0.148035
[12, 92] 0.904383
[12, 93] 0.78093
[12, 94] 0.616388
[12, 95] 0.805004
[12, 96] 0.315478
[12, 97] 0.929084
[12, 98] 0.364753
[12, 99] 0.706852
[12, 100] 0.41011900000000007
[13, 1] 1.2170370000000001
[13, 2] 0.918567
[13, 3] 1.06429
[13, 4] 0.938342
[13, 5] 0.657856
[13, 6] 0.223627
[13, 7] 1.051148
[13, 8] 0.911012
[13, 9] 1.1926780000000001
[13, 10] 0.285548
[13, 11] 0.7751779999999999
[13, 12] 0.7581330000000002
[13, 13] 1.199433
[13, 14] 0.875088
[13, 15] 0.901555
[13, 16] 1.10439
[13, 17] 0.24315099999999998
[13, 18] 0.66671
[13, 19] 1.2024650000000001
[13, 20] 0.553519
[13, 21] 1.281701
[13, 22] 0.415696
[13, 23] 0.553373
[13, 24] 0.296275
[13, 25] 0.773445
[13, 26] 0.458224
[13, 27] 0.314307
[13, 28] 1.178243
[13, 29] 0.553474
[13, 30] 0.9009379999999999
[13, 31] 0.61649
[13, 32] 0.592373
[13, 33] 0.786453
[13, 34] 0.638317
[13, 35] 1.070527
[13, 36] 1.039485
[13, 37] 1.05865
[13, 38] 0.253778
[13, 39] 0.612808
[13, 40] 1.511986
[13, 41] 1.303426
[13, 42] 0.63353
[13, 43] 1.0888300000000002
[13, 44] 0.532394
[13, 45] 1.001479
[13, 46] 1.079914
[13, 47] 0.8900690000000001
[13, 48] 0.933671
[13, 49] 0.689008
[13, 50] 0.6479050000000001
[13, 51] 0.881573
[13, 52] 1.2907080000000002
[13, 53] 0.419332
[13, 54] 0.8874989999999999
[13, 55] 0.9041910000000001
[13, 56] 0.818754
[13, 57] 1.305761
[13, 58] 0.8571930000000001
[13, 59] 1.033973
[13, 60] 0.865859
[13, 61] 0.41706499999999996
[13, 62] 0.901719
[13, 63] 1.2110400000000001
[13, 64] 1.143996
[13, 65] 0.663689
[13, 66] 0.575041
[13, 67] 0.649992
[13, 68] 1.102158
[13, 69] 0.703007
[13, 70] 0.58046
[13, 71] 1.298971
[13, 72] 1.251054
[13, 73] 0.8089580000000001
[13, 74] 1.045947
[13, 75] 0.972215
[13, 76] 1.213824
[13, 77] 0.9961450000000001
[13, 78] 1.115023
[13, 79] 0.623358
[13, 80] 0.32206799999999997
[13, 81] 0.5960400000000001
[13, 82] 0.7242069999999999
[13, 83] 0.644697
[13, 84] 0.889202
[13, 85] 1.608544
[13, 86] 0.7645730000000001
[13, 87] 0.40021100000000004
[13, 88] 1.003696
[13, 89] 0.718999
[13, 90] 0.454609
[13, 91] 0.139413
[13, 92] 1.376679
[13, 93] 0.734688
[13, 94] 1.11077
[13, 95] 0.775244
[13, 96] 0.266887
[13, 97] 1.4645899999999998
[13, 98] 0.622588
[13, 99] 0.9024700000000001
[13, 100] 0.7105480000000001
[14, 1] 1.26194
[14, 2] 1.6208120000000001
[14, 3] 1.16299
[14, 4] 1.365712
[14, 5] 0.73677
[14, 6] 0.699762
[14, 7] 1.064488
[14, 8] 0.876698
[14, 9] 1.242522
[14, 10] 0.40639000000000003
[14, 11] 1.2476360000000002
[14, 12] 0.43437600000000004
[14, 13] 0.875088
[14, 14] 1.428408
[14, 15] 1.366746
[14, 16] 1.397684
[14, 17] 0.41087799999999997
[14, 18] 1.273902
[14, 19] 0.853124
[14, 20] 1.044986
[14, 21] 1.567586
[14, 22] 0.7624900000000001
[14, 23] 0.796616
[14, 24] 0.79345
[14, 25] 1.037708
[14, 26] 1.073644
[14, 27] 0.6994699999999999
[14, 28] 1.482252
[14, 29] 0.744056
[14, 30] 1.520228
[14, 31] 1.4636719999999999
[14, 32] 0.42336599999999996
[14, 33] 1.008808
[14, 34] 0.542882
[14, 35] 1.38702
[14, 36] 1.267358
[14, 37] 0.916076
[14, 38] 0.256118
[14, 39] 0.97336
[14, 40] 1.743612
[14, 41] 1.0354
[14, 42] 0.948006
[14, 43] 0.667708
[14, 44] 0.621784
[14, 45] 1.191526
[14, 46] 1.581988
[14, 47] 0.846356
[14, 48] 0.9976659999999999
[14, 49] 0.702716
[14, 50] 0.90161
[14, 51] 0.972698
[14, 52] 1.3596540000000001
[14, 53] 0.39273800000000003
[14, 54] 0.578776
[14, 55] 0.7524160000000001
[14, 56] 0.9972759999999999
[14, 57] 1.29373
[14, 58] 0.579788
[14, 59] 1.077836
[14, 60] 1.1411
[14, 61] 0.74865
[14, 62] 1.52476
[14, 63] 1.421676
[14, 64] 1.099522
[14, 65] 0.7501059999999999
[14, 66] 0.6615659999999999
[14, 67] 0.7811279999999999
[14, 68] 1.303472
[14, 69] 1.222388
[14, 70] 0.95884
[14, 71] 1.546154
[14, 72] 0.8419760000000001
[14, 73] 1.474982
[14, 74] 1.344022
[14, 75] 0.829752
[14, 76] 1.007128
[14, 77] 1.163322
[14, 78] 1.167748
[14, 79] 1.1141180000000002
[14, 80] 0.372614
[14, 81] 0.673098
[14, 82] 1.299058
[14, 83] 0.8576140000000001
[14, 84] 1.476324
[14, 85] 1.673624
[14, 86] 0.608202
[14, 87] 0.693384
[14, 88] 1.1143079999999999
[14, 89] 1.001244
[14, 90] 0.78197
[14, 91] 0.241932
[14, 92] 1.615932
[14, 93] 0.8953840000000001
[14, 94] 1.4057739999999999
[14, 95] 1.04064
[14, 96] 0.48716200000000004
[14, 97] 1.073254
[14, 98] 1.2678360000000002
[14, 99] 1.1086719999999999
[14, 100] 1.081858
[15, 1] 1.246058
[15, 2] 1.645736
[15, 3] 1.2085160000000001
[15, 4] 1.366834
[15, 5] 0.7761110000000001
[15, 6] 0.6489570000000001
[15, 7] 1.2211180000000001
[15, 8] 1.002105
[15, 9] 1.299406
[15, 10] 0.5713400000000001
[15, 11] 1.2566320000000002
[15, 12] 0.4778740000000001
[15, 13] 0.901555
[15, 14] 1.366746
[15, 15] 1.3723460000000003
[15, 16] 1.4262480000000002
[15, 17] 0.40789300000000006
[15, 18] 1.318758
[15, 19] 0.9452180000000001
[15, 20] 1.192477
[15, 21] 1.6169850000000001
[15, 22] 0.768948
[15, 23] 0.921838
[15, 24] 0.8363510000000001
[15, 25] 1.24266
[15, 26] 1.02981
[15, 27] 0.803453
[15, 28] 1.407715
[15, 29] 0.8146230000000001
[15, 30] 1.4991130000000001
[15, 31] 1.512424
[15, 32] 0.501165
[15, 33] 0.9226070000000001
[15, 34] 0.626792
[15, 35] 1.325208
[15, 36] 1.294533
[15, 37] 0.990743
[15, 38] 0.346537
[15, 39] 1.0960710000000002
[15, 40] 1.6796710000000001
[15, 41] 1.092502
[15, 42] 1.020736
[15, 43] 0.7040850000000001
[15, 44] 0.758735
[15, 45] 1.2139900000000001
[15, 46] 1.626732
[15, 47] 1.002904
[15, 48] 1.008728
[15, 49] 0.69964
[15, 50] 0.857527
[15, 51] 1.020359
[15, 52] 1.3812380000000002
[15, 53] 0.424931
[15, 54] 0.637803
[15, 55] 0.8938619999999999
[15, 56] 1.1891530000000001
[15, 57] 1.423727
[15, 58] 0.6682120000000001
[15, 59] 1.2001060000000001
[15, 60] 1.324446
[15, 61] 0.902892
[15, 62] 1.6090730000000004
[15, 63] 1.323624
[15, 64] 1.085272
[15, 65] 0.774188
[15, 66] 0.769481
[15, 67] 0.8944380000000001
[15, 68] 1.283543
[15, 69] 1.3410540000000002
[15, 70] 0.909737
[15, 71] 1.5185730000000002
[15, 72] 0.8870310000000001
[15, 73] 1.498857
[15, 74] 1.247251
[15, 75] 0.880433
[15, 76] 1.031514
[15, 77] 1.028157
[15, 78] 1.1820780000000002
[15, 79] 1.1342420000000002
[15, 80] 0.425593
[15, 81] 0.7967690000000001
[15, 82] 1.380335
[15, 83] 0.932584
[15, 84] 1.414865
[15, 85] 1.729784
[15, 86] 0.691325
[15, 87] 0.693338
[15, 88] 1.133173
[15, 89] 1.00693
[15, 90] 0.7199390000000001
[15, 91] 0.319845
[15, 92] 1.696525
[15, 93] 1.013144
[15, 94] 1.37565
[15, 95] 1.124797
[15, 96] 0.555458
[15, 97] 1.159354
[15, 98] 1.266958
[15, 99] 1.094319
[15, 100] 1.050605
[16, 1] 1.3913820000000001
[16, 2] 1.670792
[16, 3] 1.3341260000000001
[16, 4] 1.42992
[16, 5] 0.853678
[16, 6] 0.600174
[16, 7] 1.376262
[16, 8] 1.13219
[16, 9] 1.450648
[16, 10] 0.602126
[16, 11] 1.279828
[16, 12] 0.616314
[16, 13] 1.10439
[16, 14] 1.397684
[16, 15] 1.4262480000000002
[16, 16] 1.532876
[16, 17] 0.415016
[16, 18] 1.318922
[16, 19] 1.156096
[16, 20] 1.212076
[16, 21] 1.737466
[16, 22] 0.771374
[16, 23] 0.966272
[16, 24] 0.803284
[16, 25] 1.332606
[16, 26] 0.9864439999999999
[16, 27] 0.793822
[16, 28] 1.506946
[16, 29] 0.871982
[16, 30] 1.533464
[16, 31] 1.476204
[16, 32] 0.604664
[16, 33] 0.97656
[16, 34] 0.727448
[16, 35] 1.400866
[16, 36] 1.382458
[16, 37] 1.151718
[16, 38] 0.385004
[16, 39] 1.140048
[16, 40] 1.8303059999999998
[16, 41] 1.29837
[16, 42] 1.0527859999999998
[16, 43] 0.9036420000000001
[16, 44] 0.818948
[16, 45] 1.313946
[16, 46] 1.69258
[16, 47] 1.130352
[16, 48] 1.10396
[16, 49] 0.7776540000000001
[16, 50] 0.888184
[16, 51] 1.113358
[16, 52] 1.537378
[16, 53] 0.490394
[16, 54] 0.7964979999999999
[16, 55] 1.03202
[16, 56] 1.2902
[16, 57] 1.604092
[16, 58] 0.81215
[16, 59] 1.330604
[16, 60] 1.41816
[16, 61] 0.927114
[16, 62] 1.643432
[16, 63] 1.435468
[16, 64] 1.239204
[16, 65] 0.848714
[16, 66] 0.830246
[16, 67] 0.958422
[16, 68] 1.400682
[16, 69] 1.3746559999999999
[16, 70] 0.926018
[16, 71] 1.641608
[16, 72] 1.11213
[16, 73] 1.514612
[16, 74] 1.323018
[16, 75] 1.039006
[16, 76] 1.220552
[16, 77] 1.1064159999999998
[16, 78] 1.323086
[16, 79] 1.1512040000000001
[16, 80] 0.46641
[16, 81] 0.865974
[16, 82] 1.394548
[16, 83] 0.990922
[16, 84] 1.442596
[16, 85] 1.9307320000000001
[16, 86] 0.8071259999999999
[16, 87] 0.7036220000000001
[16, 88] 1.2492159999999999
[16, 89] 1.056614
[16, 90] 0.727238
[16, 91] 0.33020999999999995
[16, 92] 1.8473499999999998
[16, 93] 1.086052
[16, 94] 1.475898
[16, 95] 1.1840459999999997
[16, 96] 0.560808
[16, 97] 1.412746
[16, 98] 1.256278
[16, 99] 1.173478
[16, 100] 1.0867580000000001
[17, 1] 0.37050900000000003
[17, 2] 0.49688199999999993
[17, 3] 0.358906
[17, 4] 0.40576
[17, 5] 0.22706400000000002
[17, 6] 0.2258
[17, 7] 0.334567
[17, 8] 0.302292
[17, 9] 0.379373
[17, 10] 0.189534
[17, 11] 0.41836399999999996
[17, 12] 0.15076900000000001
[17, 13] 0.24315099999999998
[17, 14] 0.41087799999999997
[17, 15] 0.40789300000000006
[17, 16] 0.415016
[17, 17] 0.126027
[17, 18] 0.42339199999999994
[17, 19] 0.263106
[17, 20] 0.359619
[17, 21] 0.507814
[17, 22] 0.246824
[17, 23] 0.29431599999999997
[17, 24] 0.282167
[17, 25] 0.350341
[17, 26] 0.36047599999999996
[17, 27] 0.270614
[17, 28] 0.424675
[17, 29] 0.22565500000000002
[17, 30] 0.435946
[17, 31] 0.47973
[17, 32] 0.150503
[17, 33] 0.297544
[17, 34] 0.18711299999999997
[17, 35] 0.43080699999999994
[17, 36] 0.43513199999999996
[17, 37] 0.287621
[17, 38] 0.110137
[17, 39] 0.322732
[17, 40] 0.508251
[17, 41] 0.318437
[17, 42] 0.34874399999999994
[17, 43] 0.193423
[17, 44] 0.25391400000000003
[17, 45] 0.372116
[17, 46] 0.513948
[17, 47] 0.31631400000000004
[17, 48] 0.346569
[17, 49] 0.228073
[17, 50] 0.297561
[17, 51] 0.33718800000000004
[17, 52] 0.407992
[17, 53] 0.106974
[17, 54] 0.184537
[17, 55] 0.29469
[17, 56] 0.347926
[17, 57] 0.41775100000000004
[17, 58] 0.22476900000000002
[17, 59] 0.375772
[17, 60] 0.38795
[17, 61] 0.27196600000000004
[17, 62] 0.501092
[17, 63] 0.40321999999999997
[17, 64] 0.303471
[17, 65] 0.230454
[17, 66] 0.26409799999999994
[17, 67] 0.304383
[17, 68] 0.360369
[17, 69] 0.39825
[17, 70] 0.279609
[17, 71] 0.468409
[17, 72] 0.229393
[17, 73] 0.453525
[17, 74] 0.393864
[17, 75] 0.220535
[17, 76] 0.2826
[17, 77] 0.341941
[17, 78] 0.331265
[17, 79] 0.337777
[17, 80] 0.12173600000000001
[17, 81] 0.262808
[17, 82] 0.44492299999999996
[17, 83] 0.28604
[17, 84] 0.427232
[17, 85] 0.508738
[17, 86] 0.23292000000000002
[17, 87] 0.213127
[17, 88] 0.32934199999999997
[17, 89] 0.314521
[17, 90] 0.21826800000000002
[17, 91] 0.100923
[17, 92] 0.502317
[17, 93] 0.334494
[17, 94] 0.403128
[17, 95] 0.37357100000000004
[17, 96] 0.18635700000000002
[17, 97] 0.31158
[17, 98] 0.39467300000000005
[17, 99] 0.34458300000000003
[17, 100] 0.318892
[18, 1] 1.145616
[18, 2] 1.669899
[18, 3] 1.18438
[18, 4] 1.301914
[18, 5] 0.7489080000000001
[18, 6] 0.8179129999999999
[18, 7] 1.1180109999999999
[18, 8] 1.11162
[18, 9] 1.231363
[18, 10] 0.8798940000000001
[18, 11] 1.5411139999999999
[18, 12] 0.5359400000000001
[18, 13] 0.66671
[18, 14] 1.273902
[18, 15] 1.318758
[18, 16] 1.318922
[18, 17] 0.42339199999999994
[18, 18] 1.5540459999999998
[18, 19] 0.8340970000000001
[18, 20] 1.3594560000000002
[18, 21] 1.782669
[18, 22] 0.881844
[18, 23] 1.1724709999999998
[18, 24] 1.110112
[18, 25] 1.282064
[18, 26] 1.346916
[18, 27] 1.1308709999999997
[18, 28] 1.290024
[18, 29] 0.736861
[18, 30] 1.346624
[18, 31] 1.74788
[18, 32] 0.5576859999999999
[18, 33] 0.942227
[18, 34] 0.6820639999999999
[18, 35] 1.451672
[18, 36] 1.6197949999999999
[18, 37] 0.9507950000000001
[18, 38] 0.48200299999999996
[18, 39] 1.170828
[18, 40] 1.5703449999999999
[18, 41] 1.019507
[18, 42] 1.3890900000000002
[18, 43] 0.552513
[18, 44] 1.081752
[18, 45] 1.252889
[18, 46] 1.825722
[18, 47] 1.248677
[18, 48] 1.2961980000000002
[18, 49] 0.794721
[18, 50] 1.074468
[18, 51] 1.259371
[18, 52] 1.2982
[18, 53] 0.29166200000000003
[18, 54] 0.60451
[18, 55] 1.199467
[18, 56] 1.308228
[18, 57] 1.43973
