w[1] = 0.641387
w[2] = 0.783201
w[3] = 0.805510
w[4] = 0.797560
gamma = -0.967226
s[1] = 0.644081
s[2] = 1.250532
s[3] = 0.466221
s[4] = 1.027001
s[5] = 0.030546
s[6] = 1.527634
s[7] = 0.703235
s[8] = 1.773976
s[9] = 0.151158
s[10] = 0.128993
s[11] = 0.362962
s[12] = 0.000000
s[13] = 0.225368
s[14] = 0.000000
s[15] = 1.185676
s[16] = 1.052356
s[17] = 1.376928
s[18] = 0.000000
s[19] = 0.000000
s[20] = 1.460911
s[21] = 0.201073
s[22] = 0.298310
s[23] = 0.104009
s[24] = 0.648483
s[25] = 0.000000
s[26] = 0.409854
s[27] = 0.943668
s[28] = 1.268815
s[29] = 0.046052
s[30] = 0.160651
s[31] = 1.267202
s[32] = 0.003699
s[33] = 0.639938
s[34] = 1.432371
s[35] = 0.102643
s[36] = 0.000000
s[37] = 0.000000
s[38] = 0.848593
s[39] = 1.037083
s[40] = 0.258165
s[41] = 1.495118
s[42] = 0.404568
s[43] = 0.173752
s[44] = 1.510228
s[45] = 0.000000
s[46] = 1.179013
s[47] = 1.228616
s[48] = 0.026395
s[49] = 0.408680
s[50] = 1.023233
s[51] = 1.144001
s[52] = 1.425540
s[53] = 0.153084
s[54] = 0.953275
s[55] = 0.388689
s[56] = 1.043275
s[57] = 0.710196
s[58] = 0.292851
s[59] = 0.170662
s[60] = 0.000000
s[61] = 0.076909
s[62] = 1.059733
s[63] = 0.000000
s[64] = 1.135325
s[65] = 1.014504
s[66] = 0.000000
s[67] = 1.467856
s[68] = 1.481324
s[69] = 1.279344
s[70] = 1.202689
s[71] = 0.363822
s[72] = 1.143957
s[73] = 0.000000
s[74] = 0.402636
s[75] = 0.886422
s[76] = 1.362521
s[77] = 0.436627
s[78] = 0.374326
s[79] = 0.000000
s[80] = 1.485583
s[81] = 1.228722
s[82] = 0.305970
s[83] = 0.055286
s[84] = 0.290230
s[85] = 0.077031
s[86] = 1.259772
s[87] = 0.970482
s[88] = 0.337241
s[89] = 1.157826
s[90] = 0.103749
s[91] = 0.367290
s[92] = 0.000000
s[93] = 1.330783
s[94] = 0.305998
s[95] = 0.236036
s[96] = 0.279020
s[97] = 0.063805
s[98] = 1.063335
s[99] = 1.527176
s[100] = 0.000000
